milliseconds, ECG, ECG HR, PPG, PPG HR, SpO2, PI
1523611368506,-851968,75,-56,-1,-1,0
1523611368506,-655360,75,-56,-1,-1,0
1523611368506,-524288,75,-56,-1,-1,0
1523611368506,-589824,75,-56,-1,-1,0
1523611368506,-786432,75,-56,-1,-1,0
1523611368540,-786432,75,-56,-1,-1,0
1523611368540,-786432,75,-56,-1,-1,0
1523611368540,-983040,75,-56,-1,-1,0
1523611368540,-1179648,75,-56,-1,-1,0
1523611368540,-1245184,75,-56,-1,-1,0
1523611368580,-1245184,75,-56,-1,-1,0
1523611368580,-1114112,75,-56,-1,-1,0
1523611368580,-1048576,75,-56,-1,-1,0
1523611368580,-917504,75,-56,-1,-1,0
1523611368580,-589824,75,-56,-1,-1,0
1523611368620,589824,75,-56,-1,-1,0
1523611368620,3932160,75,-56,-1,-1,0
1523611368620,8716288,75,-56,-1,-1,0
1523611368620,9502720,75,-56,-1,-1,0
1523611368620,4587520,75,-56,-1,-1,0
1523611368660,-589824,75,-56,-1,-1,0
1523611368660,-1703936,75,-56,-1,-1,0
1523611368660,-1048576,75,-56,-1,-1,0
1523611368660,-720896,75,-56,-1,-1,0
1523611368660,-917504,75,-56,-1,-1,0
1523611368700,-917504,75,-56,-1,-1,0
1523611368700,-786432,75,-56,-1,-1,0
1523611368700,-655360,75,-56,-1,-1,0
1523611368700,-655360,75,-56,-1,-1,0
1523611368700,-655360,75,-56,-1,-1,0
1523611368740,-589824,75,-56,-1,-1,0
1523611368740,-524288,75,-56,-1,-1,0
1523611368740,-524288,75,-56,-1,-1,0
1523611368740,-458752,75,-56,-1,-1,0
1523611368740,-327680,75,-56,-1,-1,0
1523611368780,-65536,75,-56,-1,-1,0
1523611368780,131072,75,-56,-1,-1,0
1523611368780,393216,75,-56,-1,-1,0
1523611368780,589824,75,-56,-1,-1,0
1523611368780,786432,75,-56,-1,-1,0
1523611368820,983040,75,-56,-1,-1,0
1523611368820,1376256,75,-56,-1,-1,0
1523611368820,1769472,75,-56,-1,-1,0
1523611368820,2031616,75,-56,-1,-1,0
1523611368820,2293760,75,-56,-1,-1,0
1523611368860,2621440,75,-56,-1,-1,0
1523611368860,2818048,75,-56,-1,-1,0
1523611368860,2883584,75,-56,-1,-1,0
1523611368860,2621440,75,-56,-1,-1,0
1523611368860,2097152,75,-56,-1,-1,0
1523611368900,1441792,75,-56,-1,-1,0
1523611368900,720896,75,-56,-1,-1,0
1523611368900,65536,75,-56,-1,-1,0
1523611368900,-393216,75,-56,-1,-1,0
1523611368900,-720896,75,-56,-1,-1,0
1523611368941,-917504,75,-56,-1,-1,0
1523611368941,-1048576,75,-56,-1,-1,0
1523611368941,-1114112,75,-56,-1,-1,0
1523611368941,-1048576,75,-56,-1,-1,0
1523611368941,-983040,75,-56,-1,-1,0
1523611368980,-983040,75,-56,-1,-1,0
1523611368980,-917504,75,-56,-1,-1,0
1523611368980,-851968,75,-56,-1,-1,0
1523611368980,-786432,75,-56,-1,-1,0
1523611368980,-720896,75,-56,-1,-1,0
1523611369020,-786432,75,-56,-1,-1,0
1523611369020,-786432,75,-56,-1,-1,0
1523611369020,-786432,75,-56,-1,-1,0
1523611369020,-720896,75,-56,-1,-1,0
1523611369020,-655360,75,-56,-1,-1,0
1523611369060,-720896,75,-56,-1,-1,0
1523611369060,-720896,75,-56,-1,-1,0
1523611369060,-786432,75,-56,-1,-1,0
1523611369060,-851968,75,-56,-1,-1,0
1523611369060,-786432,75,-56,-1,-1,0
1523611369100,-589824,75,-56,-1,-1,0
1523611369100,-262144,75,-56,-1,-1,0
1523611369100,-196608,75,-56,-1,-1,0
1523611369100,-262144,75,-56,-1,-1,0
1523611369100,-131072,75,-56,-1,-1,0
1523611369140,0,75,-56,-1,-1,0
1523611369140,-196608,75,-56,-1,-1,0
1523611369140,65536,75,-56,-1,-1,0
1523611369140,131072,75,-56,-1,-1,0
1523611369140,-393216,75,-56,-1,-1,0
1523611369180,-983040,75,-56,-1,-1,0
1523611369180,-917504,75,-56,-1,-1,0
1523611369180,-1048576,75,-56,-1,-1,0
1523611369180,-1310720,75,-56,-1,-1,0
1523611369180,-1638400,75,-56,-1,-1,0
1523611369220,-1572864,75,-56,-1,-1,0
1523611369220,-1114112,75,-56,-1,-1,0
1523611369220,-1048576,75,-56,-1,-1,0
1523611369220,-1114112,75,-56,-1,-1,0
1523611369220,-1179648,75,-56,-1,-1,0
1523611369260,-1245184,75,-56,-1,-1,0
1523611369260,-1376256,75,-56,-1,-1,0
1523611369260,-1441792,75,-56,-1,-1,0
1523611369260,-1310720,75,-56,-1,-1,0
1523611369260,-1245184,75,-56,-1,-1,0
1523611369300,-1179648,75,-56,-1,-1,0
1523611369300,-1048576,75,-56,-1,-1,0
1523611369300,-851968,75,-56,-1,-1,0
1523611369300,-851968,75,-56,-1,-1,0
1523611369300,-524288,75,-56,-1,-1,0
1523611369340,-327680,75,-56,-1,-1,0
1523611369340,-196608,75,-56,-1,-1,0
1523611369340,524288,75,-56,-1,-1,0
1523611369340,3932160,75,-56,-1,-1,0
1523611369340,9240576,75,-56,-1,-1,0
1523611369380,11272192,75,-56,-1,-1,0
1523611369380,7143424,75,-56,-1,-1,0
1523611369380,1310720,75,-56,-1,-1,0
1523611369380,-524288,75,-56,-1,-1,0
1523611369380,0,75,-56,-1,-1,0
1523611369420,327680,75,-56,-1,-1,0
1523611369420,-196608,75,-56,-1,-1,0
1523611369420,-786432,75,-56,-1,-1,0
1523611369420,-917504,75,-56,-1,-1,0
1523611369420,-589824,75,-56,-1,-1,0
1523611369460,-589824,75,-56,-1,-1,0
1523611369460,-589824,75,-56,-1,-1,0
1523611369460,-524288,75,-56,-1,-1,0
1523611369460,-458752,75,-56,-1,-1,0
1523611369460,-393216,75,-56,-1,-1,0
1523611369500,-262144,75,-56,-1,-1,0
1523611369500,-131072,75,-56,-1,-1,0
1523611369500,0,75,-56,-1,-1,0
1523611369500,262144,75,-56,-1,-1,0
1523611369500,589824,75,-56,-1,-1,0
1523611369540,851968,75,-56,-1,-1,0
1523611369540,1310720,75,-56,-1,-1,0
1523611369540,1835008,75,-56,-1,-1,0
1523611369540,2162688,75,-56,-1,-1,0
1523611369540,1966080,75,-56,-1,-1,0
1523611369581,2097152,75,-56,-1,-1,0
1523611369581,2490368,75,-56,-1,-1,0
1523611369581,3014656,75,-56,-1,-1,0
1523611369581,3014656,75,-56,-1,-1,0
1523611369581,2686976,75,-56,-1,-1,0
1523611369620,2228224,75,-56,-1,-1,0
1523611369620,1703936,75,-56,-1,-1,0
1523611369620,1048576,75,-56,-1,-1,0
1523611369620,524288,75,-56,-1,-1,0
1523611369620,131072,75,-56,-1,-1,0
1523611369660,0,75,-56,-1,-1,0
1523611369660,-262144,75,-56,-1,-1,0
1523611369660,-524288,75,-56,-1,-1,0
1523611369660,-655360,75,-56,-1,-1,0
1523611369660,-655360,75,-56,-1,-1,0
1523611369700,-720896,75,-56,-1,-1,0
1523611369700,-655360,75,-56,-1,-1,0
1523611369700,-589824,75,-56,-1,-1,0
1523611369700,-458752,75,-56,-1,-1,0
1523611369700,-262144,75,-56,-1,-1,0
1523611369740,-196608,75,-56,-1,-1,0
1523611369740,-196608,75,-56,-1,-1,0
1523611369740,-131072,75,-56,-1,-1,0
1523611369740,458752,75,-56,-1,-1,0
1523611369740,458752,75,-56,-1,-1,0
1523611369780,196608,75,-56,-1,-1,0
1523611369780,-196608,75,-56,-1,-1,0
1523611369780,-65536,75,-56,-1,-1,0
1523611369780,-131072,75,-56,-1,-1,0
1523611369780,-196608,75,-56,-1,-1,0
1523611369820,-524288,75,-56,-1,-1,0
1523611369820,-524288,75,-56,-1,-1,0
1523611369820,-524288,75,-56,-1,-1,0
1523611369820,-589824,75,-56,-1,-1,0
1523611369820,-917504,75,-56,-1,-1,0
1523611369860,-851968,75,-56,-1,-1,0
1523611369860,-720896,75,-56,-1,-1,0
1523611369860,-655360,75,-56,-1,-1,0
1523611369860,-655360,75,-56,-1,-1,0
1523611369860,-458752,75,-56,-1,-1,0
1523611369900,-720896,75,-56,-1,-1,0
1523611369900,-917504,75,-56,-1,-1,0
1523611369900,-1179648,75,-56,-1,-1,0
1523611369900,-1048576,75,-56,-1,-1,0
1523611369900,-655360,75,-56,-1,-1,0
1523611369940,-327680,75,-56,-1,-1,0
1523611369940,-196608,75,-56,-1,-1,0
1523611369940,0,75,-56,-1,-1,0
1523611369940,131072,75,-56,-1,-1,0
1523611369940,0,75,-56,-1,-1,0
1523611369980,-262144,75,-56,-1,-1,0
1523611369980,-393216,75,-56,-1,-1,0
1523611369980,-393216,75,-56,-1,-1,0
1523611369980,-196608,75,-56,-1,-1,0
1523611369980,-327680,75,-56,-1,-1,0
1523611370020,-589824,76,-56,-1,-1,0
1523611370020,-720896,76,-56,-1,-1,0
1523611370020,-589824,76,-56,-1,-1,0
1523611370020,-458752,76,-56,-1,-1,0
1523611370020,-393216,76,-56,-1,-1,0
1523611370060,131072,76,-56,-1,-1,0
1523611370060,1572864,76,-56,-1,-1,0
1523611370060,4194304,76,-56,-1,-1,0
1523611370060,7602176,76,-56,-1,-1,0
1523611370060,8257536,76,-56,-1,-1,0
1523611370100,4325376,76,-56,-1,-1,0
1523611370100,-196608,76,-56,-1,-1,0
1523611370100,-1376256,76,-56,-1,-1,0
1523611370100,-1048576,76,-56,-1,-1,0
1523611370100,-1048576,76,-56,-1,-1,0
1523611370141,-983040,76,-56,-1,-1,0
1523611370141,-786432,76,-56,-1,-1,0
1523611370141,-655360,76,-56,-1,-1,0
1523611370141,-655360,76,-56,-1,-1,0
1523611370141,-589824,76,-56,-1,-1,0
1523611370180,-327680,76,-56,-1,-1,0
1523611370180,-196608,76,-56,-1,-1,0
1523611370180,-131072,76,-56,-1,-1,0
1523611370180,-65536,76,-56,-1,-1,0
1523611370180,65536,76,-56,-1,-1,0
1523611370222,65536,76,-56,-1,-1,0
1523611370222,262144,76,-56,-1,-1,0
1523611370222,458752,76,-56,-1,-1,0
1523611370222,458752,76,-56,-1,-1,0
1523611370222,589824,76,-56,-1,-1,0
1523611370260,786432,76,-56,-1,-1,0
1523611370260,1048576,76,-56,-1,-1,0
1523611370260,1507328,76,-56,-1,-1,0
1523611370260,1900544,76,-56,-1,-1,0
1523611370260,2162688,76,-56,-1,-1,0
1523611370300,2162688,76,-56,-1,-1,0
1523611370300,2097152,76,-56,-1,-1,0
1523611370300,2228224,76,-56,-1,-1,0
1523611370300,2424832,76,-56,-1,-1,0
1523611370300,2162688,76,-56,-1,-1,0
1523611370340,1835008,76,-56,-1,-1,0
1523611370340,1441792,76,-56,-1,-1,0
1523611370340,917504,76,-56,-1,-1,0
1523611370340,524288,76,-56,-1,-1,0
1523611370340,0,76,-56,-1,-1,0
1523611370380,-720896,76,-56,-1,-1,0
1523611370380,-1114112,76,-56,-1,-1,0
1523611370380,-1179648,76,-56,-1,-1,0
1523611370380,-1114112,76,-56,-1,-1,0
1523611370380,-983040,76,-56,-1,-1,0
1523611370420,-1048576,76,-56,-1,-1,0
1523611370420,-1179648,76,-56,-1,-1,0
1523611370420,-1310720,76,-56,-1,-1,0
1523611370420,-1507328,76,-56,-1,-1,0
1523611370420,-1638400,76,-56,-1,-1,0
1523611370460,-1441792,76,-56,-1,-1,0
1523611370460,-1310720,76,-56,-1,-1,0
1523611370460,-1245184,76,-56,-1,-1,0
1523611370460,-1441792,76,-56,-1,-1,0
1523611370460,-1703936,76,-56,-1,-1,0
1523611370500,-1769472,76,-56,-1,-1,0
1523611370500,-1769472,76,-56,-1,-1,0
1523611370500,-1638400,76,-56,-1,-1,0
1523611370500,-1572864,76,-56,-1,-1,0
1523611370500,-1376256,76,-56,-1,-1,0
1523611370540,-1572864,76,-56,-1,-1,0
1523611370540,-1966080,76,-56,-1,-1,0
1523611370540,-2293760,76,-56,-1,-1,0
1523611370540,-2162688,76,-56,-1,-1,0
1523611370540,-2031616,76,-56,-1,-1,0
1523611370580,-1966080,76,-56,-1,-1,0
1523611370580,-1900544,76,-56,-1,-1,0
1523611370580,-2031616,76,-56,-1,-1,0
1523611370580,-2097152,76,-56,-1,-1,0
1523611370580,-1966080,76,-56,-1,-1,0
1523611370620,-1769472,76,-56,-1,-1,0
1523611370620,-1900544,76,-56,-1,-1,0
1523611370620,-1966080,76,-56,-1,-1,0
1523611370620,-1769472,76,-56,-1,-1,0
1523611370620,-1703936,76,-56,-1,-1,0
1523611370660,-1900544,76,-56,-1,-1,0
1523611370660,-2031616,76,-56,-1,-1,0
1523611370660,-1900544,76,-56,-1,-1,0
1523611370660,-1769472,76,-56,-1,-1,0
1523611370660,-1638400,76,-56,-1,-1,0
1523611370700,-1835008,76,-56,-1,-1,0
1523611370700,-2162688,76,-56,-1,-1,0
1523611370700,-2228224,76,-56,-1,-1,0
1523611370700,-2097152,76,-56,-1,-1,0
1523611370700,-1966080,76,-56,-1,-1,0
1523611370740,-1900544,76,-56,-1,-1,0
1523611370740,-1179648,76,-56,-1,-1,0
1523611370740,1114112,76,-56,-1,-1,0
1523611370740,5570560,76,-56,-1,-1,0
1523611370740,8912896,76,-56,-1,-1,0
1523611370780,6619136,76,-56,-1,-1,0
1523611370780,851968,76,-56,-1,-1,0
1523611370780,-2424832,76,-56,-1,-1,0
1523611370780,-2228224,76,-56,-1,-1,0
1523611370780,-1638400,76,-56,-1,-1,0
1523611370820,-1441792,76,-56,-1,-1,0
1523611370820,-1441792,76,-56,-1,-1,0
1523611370820,-1572864,76,-56,-1,-1,0
1523611370820,-1507328,76,-56,-1,-1,0
1523611370820,-1245184,76,-56,-1,-1,0
1523611370861,-1114112,76,-56,-1,-1,0
1523611370861,-1114112,76,-56,-1,-1,0
1523611370861,-1048576,76,-56,-1,-1,0
1523611370861,-1048576,76,-56,-1,-1,0
1523611370861,-983040,76,-56,-1,-1,0
1523611370900,-786432,76,-56,-1,-1,0
1523611370900,-655360,76,-56,-1,-1,0
1523611370900,-524288,76,-56,-1,-1,0
1523611370900,-327680,76,-56,-1,-1,0
1523611370900,-65536,76,-56,-1,-1,0
1523611370940,0,76,-56,-1,-1,0
1523611370940,327680,76,-56,-1,-1,0
1523611370940,851968,76,-56,-1,-1,0
1523611370940,1245184,76,-56,-1,-1,0
1523611370940,1507328,76,-56,-1,-1,0
1523611370980,1703936,76,-56,-1,-1,0
1523611370980,1900544,76,-56,-1,-1,0
1523611370980,2162688,76,-56,-1,-1,0
1523611370980,2162688,76,-56,-1,-1,0
1523611370980,1900544,76,-56,-1,-1,0
1523611371020,1441792,76,-56,-1,-1,0
1523611371020,917504,76,-56,-1,-1,0
1523611371020,327680,76,-56,-1,-1,0
1523611371020,-65536,76,-56,-1,-1,0
1523611371020,-393216,76,-56,-1,-1,0
1523611371060,-720896,76,-56,-1,-1,0
1523611371060,-983040,76,-56,-1,-1,0
1523611371060,-1179648,76,-56,-1,-1,0
1523611371060,-1310720,76,-56,-1,-1,0
1523611371060,-1245184,76,-56,-1,-1,0
1523611371100,-1114112,76,-56,-1,-1,0
1523611371100,-1114112,76,-56,-1,-1,0
1523611371100,-1114112,76,-56,-1,-1,0
1523611371100,-917504,76,-56,-1,-1,0
1523611371100,-720896,76,-56,-1,-1,0
1523611371140,-655360,76,-56,-1,-1,0
1523611371140,-655360,76,-56,-1,-1,0
1523611371140,-655360,76,-56,-1,-1,0
1523611371140,-720896,76,-56,-1,-1,0
1523611371140,-786432,76,-56,-1,-1,0
1523611371180,-917504,76,-56,-1,-1,0
1523611371180,-983040,76,-56,-1,-1,0
1523611371180,-786432,76,-56,-1,-1,0
1523611371180,-786432,76,-56,-1,-1,0
1523611371180,-851968,76,-56,-1,-1,0
1523611371220,-786432,76,-56,-1,-1,0
1523611371220,-589824,76,-56,-1,-1,0
1523611371220,-786432,76,-56,-1,-1,0
1523611371220,-1048576,76,-56,-1,-1,0
1523611371220,-983040,76,-56,-1,-1,0
1523611371260,-851968,76,-56,-1,-1,0
1523611371260,-983040,76,-56,-1,-1,0
1523611371260,-1245184,76,-56,-1,-1,0
1523611371260,-1114112,76,-56,-1,-1,0
1523611371260,-1048576,76,-56,-1,-1,0
1523611371300,-1114112,76,-56,-1,-1,0
1523611371300,-983040,76,-56,-1,-1,0
1523611371300,-458752,76,-56,-1,-1,0
1523611371300,-327680,76,-56,-1,-1,0
1523611371300,-655360,76,-56,-1,-1,0
1523611371340,-983040,76,-56,-1,-1,0
1523611371340,-1114112,76,-56,-1,-1,0
1523611371340,-1048576,76,-56,-1,-1,0
1523611371340,-917504,76,-56,-1,-1,0
1523611371340,-786432,76,-56,-1,-1,0
1523611371380,-720896,78,-56,-1,-1,0
1523611371380,-786432,78,-56,-1,-1,0
1523611371380,-983040,78,-56,-1,-1,0
1523611371380,-983040,78,-56,-1,-1,0
1523611371380,-655360,78,-56,-1,-1,0
1523611371420,0,78,-56,-1,-1,0
1523611371420,2621440,78,-56,-1,-1,0
1523611371420,7274496,78,-56,-1,-1,0
1523611371420,11075584,78,-56,-1,-1,0
1523611371420,8912896,78,-56,-1,-1,0
1523611371460,3080192,78,-56,-1,-1,0
1523611371460,-327680,78,-56,-1,-1,0
1523611371460,-589824,78,-56,-1,-1,0
1523611371460,-655360,78,-56,-1,-1,0
1523611371460,-786432,78,-56,-1,-1,0
1523611371501,-786432,78,-56,-1,-1,0
1523611371501,-655360,78,-56,-1,-1,0
1523611371501,-458752,78,-56,-1,-1,0
1523611371501,-327680,78,-56,-1,-1,0
1523611371501,-327680,78,-56,-1,-1,0
1523611371540,-589824,78,-56,-1,-1,0
1523611371540,-524288,78,-56,-1,-1,0
1523611371540,-393216,78,-56,-1,-1,0
1523611371540,-196608,78,-56,-1,-1,0
1523611371540,-65536,78,-56,-1,-1,0
1523611371580,0,78,-56,-1,-1,0
1523611371580,131072,78,-56,-1,-1,0
1523611371580,393216,78,-56,-1,-1,0
1523611371580,655360,78,-56,-1,-1,0
1523611371580,983040,78,-56,-1,-1,0
1523611371620,1376256,78,-56,-1,-1,0
1523611371620,1572864,78,-56,-1,-1,0
1523611371620,1638400,78,-56,-1,-1,0
1523611371620,1835008,78,-56,-1,-1,0
1523611371620,2490368,78,-56,-1,-1,0
1523611371660,2818048,78,-56,-1,-1,0
1523611371660,2883584,78,-56,-1,-1,0
1523611371660,2752512,78,-56,-1,-1,0
1523611371660,2555904,78,-56,-1,-1,0
1523611371660,2228224,78,-56,-1,-1,0
1523611371700,1835008,78,-56,-1,-1,0
1523611371700,1114112,78,-56,-1,-1,0
1523611371700,393216,78,-56,-1,-1,0
1523611371700,0,78,-56,-1,-1,0
1523611371700,-262144,78,-56,-1,-1,0
1523611371740,-262144,78,-56,-1,-1,0
1523611371740,-196608,78,-56,-1,-1,0
1523611371740,-262144,78,-56,-1,-1,0
1523611371740,-524288,78,-56,-1,-1,0
1523611371740,-458752,78,-56,-1,-1,0
1523611371780,-589824,78,-56,-1,-1,0
1523611371780,-655360,78,-56,-1,-1,0
1523611371780,-786432,78,-56,-1,-1,0
1523611371780,-655360,78,-56,-1,-1,0
1523611371780,-589824,78,-56,-1,-1,0
1523611371820,-524288,78,-56,-1,-1,0
1523611371820,-524288,78,-56,-1,-1,0
1523611371820,-458752,78,-56,-1,-1,0
1523611371820,-393216,78,-56,-1,-1,0
1523611371820,-458752,78,-56,-1,-1,0
1523611371860,-655360,78,-56,-1,-1,0
1523611371860,-786432,78,-56,-1,-1,0
1523611371860,-851968,78,-56,-1,-1,0
1523611371860,-720896,78,-56,-1,-1,0
1523611371860,-589824,78,-56,-1,-1,0
1523611371900,-589824,78,-56,-1,-1,0
1523611371900,-589824,78,-56,-1,-1,0
1523611371900,-786432,78,-56,-1,-1,0
1523611371900,-1048576,78,-56,-1,-1,0
1523611371900,-1310720,78,-56,-1,-1,0
1523611371940,-1310720,78,-56,-1,-1,0
1523611371940,-1114112,78,-56,-1,-1,0
1523611371940,-655360,78,-56,-1,-1,0
1523611371940,-393216,78,-56,-1,-1,0
1523611371940,-327680,78,-56,-1,-1,0
1523611371981,-393216,78,-56,-1,-1,0
1523611371981,-524288,78,-56,-1,-1,0
1523611371981,-589824,78,-56,-1,-1,0
1523611371981,-655360,78,-56,-1,-1,0
1523611371981,-786432,78,-56,-1,-1,0
1523611372020,-917504,78,-56,-1,-1,0
1523611372020,-917504,78,-56,-1,-1,0
1523611372020,-786432,78,-56,-1,-1,0
1523611372020,-720896,78,-56,-1,-1,0
1523611372020,-786432,78,-56,-1,-1,0
1523611372060,-851968,78,-56,-1,-1,0
1523611372060,-196608,78,-56,-1,-1,0
1523611372060,1310720,78,-56,-1,-1,0
1523611372060,4456448,78,-56,-1,-1,0
1523611372060,8912896,78,-56,-1,-1,0
1523611372101,10354688,78,-56,-1,-1,0
1523611372101,6225920,78,-56,-1,-1,0
1523611372101,720896,78,-56,-1,-1,0
1523611372101,-983040,78,-56,-1,-1,0
1523611372101,-524288,78,-56,-1,-1,0
1523611372142,-524288,78,-56,-1,-1,0
1523611372142,-589824,78,-56,-1,-1,0
1523611372142,-393216,78,-56,-1,-1,0
1523611372142,-131072,78,-56,-1,-1,0
1523611372142,-65536,78,-56,-1,-1,0
1523611372185,-327680,78,-56,-1,-1,0
1523611372185,-393216,78,-56,-1,-1,0
1523611372185,-458752,78,-56,-1,-1,0
1523611372185,-458752,78,-56,-1,-1,0
1523611372185,-393216,78,-56,-1,-1,0
1523611372221,-65536,78,-56,-1,-1,0
1523611372221,65536,78,-56,-1,-1,0
1523611372221,196608,78,-56,-1,-1,0
1523611372221,262144,78,-56,-1,-1,0
1523611372221,393216,78,-56,-1,-1,0
1523611372262,589824,78,-56,-1,-1,0
1523611372262,917504,78,-56,-1,-1,0
1523611372262,1245184,78,-56,-1,-1,0
1523611372262,1441792,78,-56,-1,-1,0
1523611372262,1638400,78,-56,-1,-1,0
1523611372301,1900544,78,-56,-1,-1,0
1523611372301,2162688,78,-56,-1,-1,0
1523611372301,2228224,78,-56,-1,-1,0
1523611372301,2162688,78,-56,-1,-1,0
1523611372301,2097152,78,-56,-1,-1,0
1523611372340,2031616,78,-56,-1,-1,0
1523611372340,1572864,78,-56,-1,-1,0
1523611372340,1048576,78,-56,-1,-1,0
1523611372340,524288,78,-56,-1,-1,0
1523611372340,-65536,78,-56,-1,-1,0
1523611372381,-458752,78,-56,-1,-1,0
1523611372381,-589824,78,-56,-1,-1,0
1523611372381,-786432,78,-56,-1,-1,0
1523611372381,-983040,78,-56,-1,-1,0
1523611372381,-983040,78,-56,-1,-1,0
1523611372421,-851968,78,-56,-1,-1,0
1523611372421,-851968,78,-56,-1,-1,0
1523611372421,-851968,78,-56,-1,-1,0
1523611372421,-720896,78,-56,-1,-1,0
1523611372421,-786432,78,-56,-1,-1,0
1523611372460,-983040,78,-56,-1,-1,0
1523611372460,-983040,78,-56,-1,-1,0
1523611372460,-851968,78,-56,-1,-1,0
1523611372460,-851968,78,-56,-1,-1,0
1523611372460,-786432,78,-56,-1,-1,0
1523611372500,-655360,78,-56,-1,-1,0
1523611372500,-655360,78,-56,-1,-1,0
1523611372500,-851968,78,-56,-1,-1,0
1523611372500,-983040,78,-56,-1,-1,0
1523611372500,-917504,78,-56,-1,-1,0
1523611372540,-917504,78,-56,-1,-1,0
1523611372540,-851968,78,-56,-1,-1,0
1523611372540,-720896,78,-56,-1,-1,0
1523611372540,-720896,78,-56,-1,-1,0
1523611372540,-917504,78,-56,-1,-1,0
1523611372580,-1048576,78,-56,-1,-1,0
1523611372580,-1179648,78,-56,-1,-1,0
1523611372580,-1310720,78,-56,-1,-1,0
1523611372580,-1245184,78,-56,-1,-1,0
1523611372580,-983040,78,-56,-1,-1,0
1523611372620,-917504,78,-56,-1,-1,0
1523611372620,-786432,78,-56,-1,-1,0
1523611372620,-720896,78,-56,-1,-1,0
1523611372620,-655360,78,-56,-1,-1,0
1523611372620,-851968,78,-56,-1,-1,0
1523611372660,-1048576,78,-56,-1,-1,0
1523611372660,-983040,78,-56,-1,-1,0
1523611372660,-917504,78,-56,-1,-1,0
1523611372660,-1114112,78,-56,-1,-1,0
1523611372660,-1310720,78,-56,-1,-1,0
1523611372700,-1245184,78,-56,-1,-1,0
1523611372700,-1114112,78,-56,-1,-1,0
1523611372700,-917504,78,-56,-1,-1,0
1523611372700,-655360,78,-56,-1,-1,0
1523611372700,-393216,78,-56,-1,-1,0
1523611372740,851968,78,-56,-1,-1,0
1523611372740,4390912,78,-56,-1,-1,0
1523611372740,9175040,78,-56,-1,-1,0
1523611372740,9830400,78,-56,-1,-1,0
1523611372740,4718592,78,-56,-1,-1,0
1523611372781,-196608,78,-56,-1,-1,0
1523611372781,-1048576,78,-56,-1,-1,0
1523611372781,-458752,78,-56,-1,-1,0
1523611372781,-524288,78,-56,-1,-1,0
1523611372781,-720896,78,-56,-1,-1,0
1523611372820,-655360,78,-56,-1,-1,0
1523611372820,-393216,78,-56,-1,-1,0
1523611372820,-327680,78,-56,-1,-1,0
1523611372820,-458752,78,-56,-1,-1,0
1523611372820,-458752,78,-56,-1,-1,0
1523611372860,-393216,78,-56,-1,-1,0
1523611372860,-262144,78,-56,-1,-1,0
1523611372860,-196608,78,-56,-1,-1,0
1523611372860,65536,78,-56,-1,-1,0
1523611372860,327680,78,-56,-1,-1,0
1523611372900,524288,78,-56,-1,-1,0
1523611372900,655360,78,-56,-1,-1,0
1523611372900,655360,78,-56,-1,-1,0
1523611372900,720896,78,-56,-1,-1,0
1523611372900,1048576,78,-56,-1,-1,0
1523611372940,1376256,78,-56,-1,-1,0
1523611372940,1507328,78,-56,-1,-1,0
1523611372940,1703936,78,-56,-1,-1,0
1523611372940,2097152,78,-56,-1,-1,0
1523611372940,2359296,78,-56,-1,-1,0
1523611372980,2424832,78,-56,-1,-1,0
1523611372980,2490368,78,-56,-1,-1,0
1523611372980,2424832,78,-56,-1,-1,0
1523611372980,2228224,78,-56,-1,-1,0
1523611372980,1703936,78,-56,-1,-1,0
1523611373020,1179648,78,-56,-1,-1,0
1523611373020,589824,78,-56,-1,-1,0
1523611373020,131072,78,-56,-1,-1,0
1523611373020,-65536,78,-56,-1,-1,0
1523611373020,-327680,78,-56,-1,-1,0
1523611373060,-589824,78,-56,-1,-1,0
1523611373060,-786432,78,-56,-1,-1,0
1523611373060,-720896,78,-56,-1,-1,0
1523611373060,-524288,78,-56,-1,-1,0
1523611373060,-393216,78,-56,-1,-1,0
1523611373100,-524288,78,-56,-1,-1,0
1523611373100,-524288,78,-56,-1,-1,0
1523611373100,-393216,78,-56,-1,-1,0
1523611373100,-262144,78,-56,-1,-1,0
1523611373100,-327680,78,-56,-1,-1,0
1523611373140,-524288,78,-56,-1,-1,0
1523611373140,-655360,78,-56,-1,-1,0
1523611373140,-589824,78,-56,-1,-1,0
1523611373140,-589824,78,-56,-1,-1,0
1523611373140,-524288,78,-56,-1,-1,0
1523611373180,-458752,78,-56,-1,-1,0
1523611373180,-589824,78,-56,-1,-1,0
1523611373180,-786432,78,-56,-1,-1,0
1523611373180,-786432,78,-56,-1,-1,0
1523611373180,-655360,78,-56,-1,-1,0
1523611373220,-655360,78,-56,-1,-1,0
1523611373220,-589824,78,-56,-1,-1,0
1523611373220,-589824,78,-56,-1,-1,0
1523611373220,-720896,78,-56,-1,-1,0
1523611373220,-1114112,78,-56,-1,-1,0
1523611373260,-1245184,78,-56,-1,-1,0
1523611373260,-983040,78,-56,-1,-1,0
1523611373260,-720896,78,-56,-1,-1,0
1523611373260,-589824,78,-56,-1,-1,0
1523611373260,-524288,78,-56,-1,-1,0
1523611373300,-589824,78,-56,-1,-1,0
1523611373300,-655360,78,-56,-1,-1,0
1523611373300,-786432,78,-56,-1,-1,0
1523611373300,-720896,78,-56,-1,-1,0
1523611373300,-720896,78,-56,-1,-1,0
1523611373340,-786432,80,-56,-1,-1,0
1523611373340,-1048576,80,-56,-1,-1,0
1523611373340,-1048576,80,-56,-1,-1,0
1523611373340,-851968,80,-56,-1,-1,0
1523611373340,-720896,80,-56,-1,-1,0
1523611373380,-720896,80,-56,-1,-1,0
1523611373380,-720896,80,-56,-1,-1,0
1523611373380,0,80,-56,-1,-1,0
1523611373380,2359296,80,-56,-1,-1,0
1523611373380,6946816,80,-56,-1,-1,0
1523611373421,10289152,80,-56,-1,-1,0
1523611373421,7667712,80,-56,-1,-1,0
1523611373421,1703936,80,-56,-1,-1,0
1523611373421,-1376256,80,-56,-1,-1,0
1523611373421,-1114112,80,-56,-1,-1,0
1523611373460,-655360,80,-56,-1,-1,0
1523611373460,-786432,80,-56,-1,-1,0
1523611373460,-917504,80,-56,-1,-1,0
1523611373460,-786432,80,-56,-1,-1,0
1523611373460,-720896,80,-56,-1,-1,0
1523611373500,-720896,80,-56,-1,-1,0
1523611373500,-524288,80,-56,-1,-1,0
1523611373500,-393216,80,-56,-1,-1,0
1523611373500,-327680,80,-56,-1,-1,0
1523611373500,-196608,80,-56,-1,-1,0
1523611373540,-65536,80,-56,-1,-1,0
1523611373540,0,80,-56,-1,-1,0
1523611373540,131072,80,-56,-1,-1,0
1523611373540,327680,80,-56,-1,-1,0
1523611373540,393216,80,-56,-1,-1,0
1523611373580,524288,80,-56,-1,-1,0
1523611373580,786432,80,-56,-1,-1,0
1523611373580,1245184,80,-56,-1,-1,0
1523611373580,1703936,80,-56,-1,-1,0
1523611373580,2031616,80,-56,-1,-1,0
1523611373620,2162688,80,-56,-1,-1,0
1523611373620,2359296,80,-56,-1,-1,0
1523611373620,2621440,80,-56,-1,-1,0
1523611373620,2686976,80,-56,-1,-1,0
1523611373620,2359296,80,-56,-1,-1,0
1523611373661,2097152,80,-56,-1,-1,0
1523611373661,1769472,80,-56,-1,-1,0
1523611373661,1245184,80,-56,-1,-1,0
1523611373661,655360,80,-56,-1,-1,0
1523611373661,65536,80,-56,-1,-1,0
1523611373700,-262144,80,-56,-1,-1,0
1523611373700,-458752,80,-56,-1,-1,0
1523611373700,-720896,80,-56,-1,-1,0
1523611373700,-851968,80,-56,-1,-1,0
1523611373700,-851968,80,-56,-1,-1,0
1523611373740,-786432,80,-56,-1,-1,0
1523611373740,-786432,80,-56,-1,-1,0
1523611373740,-786432,80,-56,-1,-1,0
1523611373740,-851968,80,-56,-1,-1,0
1523611373740,-720896,80,-56,-1,-1,0
1523611373780,-655360,80,-56,-1,-1,0
1523611373780,-720896,80,-56,-1,-1,0
1523611373780,-786432,80,-56,-1,-1,0
1523611373780,-786432,80,-56,-1,-1,0
1523611373780,-851968,80,-56,-1,-1,0
1523611373820,-720896,80,-56,-1,-1,0
1523611373820,-655360,80,-56,-1,-1,0
1523611373820,-720896,80,-56,-1,-1,0
1523611373820,-720896,80,-56,-1,-1,0
1523611373820,-720896,80,-56,-1,-1,0
1523611373860,-786432,80,-56,-1,-1,0
1523611373860,-917504,80,-56,-1,-1,0
1523611373860,-917504,80,-56,-1,-1,0
1523611373860,-851968,80,-56,-1,-1,0
1523611373860,-1048576,80,-56,-1,-1,0
1523611373900,-1179648,80,-56,-1,-1,0
1523611373900,-1310720,80,-56,-1,-1,0
1523611373900,-1376256,80,-56,-1,-1,0
1523611373900,-1245184,80,-56,-1,-1,0
1523611373900,-1048576,80,-56,-1,-1,0
1523611373940,-851968,80,-56,-1,-1,0
1523611373940,-589824,80,-56,-1,-1,0
1523611373940,-458752,80,-56,-1,-1,0
1523611373940,-720896,80,-56,-1,-1,0
1523611373940,-1245184,80,-56,-1,-1,0
1523611373980,-1441792,80,-56,-1,-1,0
1523611373980,-1310720,80,-56,-1,-1,0
1523611373980,-1179648,80,-56,-1,-1,0
1523611373980,-1114112,80,-56,-1,-1,0
1523611373980,-1245184,80,-56,-1,-1,0
1523611374020,-1245184,83,-56,-1,-1,0
1523611374020,-1245184,83,-56,-1,-1,0
1523611374020,-1179648,83,-56,-1,-1,0
1523611374020,-1048576,83,-56,-1,-1,0
1523611374020,-327680,83,-56,-1,-1,0
1523611374061,1638400,83,-56,-1,-1,0
1523611374061,5701632,83,-56,-1,-1,0
1523611374061,9240576,83,-56,-1,-1,0
1523611374061,7274496,83,-56,-1,-1,0
1523611374061,1572864,83,-56,-1,-1,0
1523611374100,-1835008,83,-56,-1,-1,0
1523611374100,-1703936,83,-56,-1,-1,0
1523611374100,-1179648,83,-56,-1,-1,0
1523611374100,-983040,83,-56,-1,-1,0
1523611374100,-851968,83,-56,-1,-1,0
1523611374140,-786432,83,-56,-1,-1,0
1523611374140,-786432,83,-56,-1,-1,0
1523611374140,-917504,83,-56,-1,-1,0
1523611374140,-851968,83,-56,-1,-1,0
1523611374140,-786432,83,-56,-1,-1,0
1523611374180,-589824,83,-56,-1,-1,0
1523611374180,-393216,83,-56,-1,-1,0
1523611374180,-262144,83,-56,-1,-1,0
1523611374180,-262144,83,-56,-1,-1,0
1523611374180,-65536,83,-56,-1,-1,0
1523611374220,0,83,-56,-1,-1,0
1523611374220,0,83,-56,-1,-1,0
1523611374220,0,83,-56,-1,-1,0
1523611374220,327680,83,-56,-1,-1,0
1523611374220,851968,83,-56,-1,-1,0
1523611374260,1048576,83,-56,-1,-1,0
1523611374260,1245184,83,-56,-1,-1,0
1523611374260,1507328,83,-56,-1,-1,0
1523611374260,1900544,83,-56,-1,-1,0
1523611374260,2293760,83,-56,-1,-1,0
1523611374300,2424832,83,-56,-1,-1,0
1523611374300,2228224,83,-56,-1,-1,0
1523611374300,2031616,83,-56,-1,-1,0
1523611374300,1703936,83,-56,-1,-1,0
1523611374300,1179648,83,-56,-1,-1,0
1523611374340,327680,83,-56,-1,-1,0
1523611374340,-196608,83,-56,-1,-1,0
1523611374340,-524288,83,-56,-1,-1,0
1523611374340,-720896,83,-56,-1,-1,0
1523611374340,-917504,83,-56,-1,-1,0
1523611374380,-851968,83,-56,-1,-1,0
1523611374380,-983040,83,-56,-1,-1,0
1523611374380,-1179648,83,-56,-1,-1,0
1523611374380,-1310720,83,-56,-1,-1,0
1523611374380,-1245184,83,-56,-1,-1,0
1523611374420,-1179648,83,-56,-1,-1,0
1523611374420,-983040,83,-56,-1,-1,0
1523611374420,-917504,83,-56,-1,-1,0
1523611374420,-917504,83,-56,-1,-1,0
1523611374420,-917504,83,-56,-1,-1,0
1523611374460,-720896,83,-56,-1,-1,0
1523611374460,-655360,83,-56,-1,-1,0
1523611374460,-786432,83,-56,-1,-1,0
1523611374460,-851968,83,-56,-1,-1,0
1523611374460,-917504,83,-56,-1,-1,0
1523611374500,-983040,83,-56,-1,-1,0
1523611374500,-983040,83,-56,-1,-1,0
1523611374500,-1048576,83,-56,-1,-1,0
1523611374500,-1114112,83,-56,-1,-1,0
1523611374500,-1114112,83,-56,-1,-1,0
1523611374540,-1114112,83,-56,-1,-1,0
1523611374540,-1179648,83,-56,-1,-1,0
1523611374540,-1310720,83,-56,-1,-1,0
1523611374540,-1245184,83,-56,-1,-1,0
1523611374540,-1179648,83,-56,-1,-1,0
1523611374580,-1114112,83,-56,-1,-1,0
1523611374580,-1048576,83,-56,-1,-1,0
1523611374580,-917504,83,-56,-1,-1,0
1523611374580,-851968,83,-56,-1,-1,0
1523611374580,-655360,83,-56,-1,-1,0
1523611374620,-655360,83,-56,-1,-1,0
1523611374620,-851968,83,-56,-1,-1,0
1523611374620,-917504,83,-56,-1,-1,0
1523611374620,-983040,83,-56,-1,-1,0
1523611374620,-917504,83,-56,-1,-1,0
1523611374660,-983040,86,-56,-1,-1,0
1523611374660,-917504,86,-56,-1,-1,0
1523611374660,-851968,86,-56,-1,-1,0
1523611374660,-983040,86,-56,-1,-1,0
1523611374660,-1114112,86,-56,-1,-1,0
1523611374701,-1048576,86,-56,-1,-1,0
1523611374701,-720896,86,-56,-1,-1,0
1523611374701,131072,86,-56,-1,-1,0
1523611374701,2818048,86,-56,-1,-1,0
1523611374701,7077888,86,-56,-1,-1,0
1523611374740,8847360,86,-56,-1,-1,0
1523611374740,5308416,86,-56,-1,-1,0
1523611374740,262144,86,-56,-1,-1,0
1523611374740,-1441792,86,-56,-1,-1,0
1523611374740,-1048576,86,-56,-1,-1,0
1523611374781,-720896,86,-56,-1,-1,0
1523611374781,-655360,86,-56,-1,-1,0
1523611374781,-655360,86,-56,-1,-1,0
1523611374781,-655360,86,-56,-1,-1,0
1523611374781,-655360,86,-56,-1,-1,0
1523611374820,-524288,86,-56,-1,-1,0
1523611374820,-458752,86,-56,-1,-1,0
1523611374820,-589824,86,-56,-1,-1,0
1523611374820,-655360,86,-56,-1,-1,0
1523611374820,-458752,86,-56,-1,-1,0
1523611374860,-196608,86,-56,-1,-1,0
1523611374860,-131072,86,-56,-1,-1,0
1523611374860,0,86,-56,-1,-1,0
1523611374860,262144,86,-56,-1,-1,0
1523611374860,524288,86,-56,-1,-1,0
1523611374900,589824,86,-56,-1,-1,0
1523611374900,720896,86,-56,-1,-1,0
1523611374900,983040,86,-56,-1,-1,0
1523611374900,1507328,86,-56,-1,-1,0
1523611374900,1769472,86,-56,-1,-1,0
1523611374940,1966080,86,-56,-1,-1,0
1523611374940,2031616,86,-56,-1,-1,0
1523611374940,2293760,86,-56,-1,-1,0
1523611374940,2555904,86,-56,-1,-1,0
1523611374940,2621440,86,-56,-1,-1,0
1523611374980,2293760,86,-56,-1,-1,0
1523611374980,1900544,86,-56,-1,-1,0
1523611374980,1310720,86,-56,-1,-1,0
1523611374980,655360,86,-56,-1,-1,0
1523611374980,65536,86,-56,-1,-1,0
1523611375020,-327680,86,-56,-1,-1,0
1523611375020,-393216,86,-56,-1,-1,0
1523611375020,-458752,86,-56,-1,-1,0
1523611375020,-589824,86,-56,-1,-1,0
1523611375020,-655360,86,-56,-1,-1,0
1523611375060,-589824,86,-56,-1,-1,0
1523611375060,-589824,86,-56,-1,-1,0
1523611375060,-524288,86,-56,-1,-1,0
1523611375060,-589824,86,-56,-1,-1,0
1523611375060,-589824,86,-56,-1,-1,0
1523611375100,-524288,86,-56,-1,-1,0
1523611375100,-524288,86,-56,-1,-1,0
1523611375100,-786432,86,-56,-1,-1,0
1523611375100,-917504,86,-56,-1,-1,0
1523611375100,-851968,86,-56,-1,-1,0
1523611375140,-655360,86,-56,-1,-1,0
1523611375140,-655360,86,-56,-1,-1,0
1523611375140,-720896,86,-56,-1,-1,0
1523611375140,-720896,86,-56,-1,-1,0
1523611375140,-655360,86,-56,-1,-1,0
1523611375180,-524288,86,-56,-1,-1,0
1523611375180,-720896,86,-56,-1,-1,0
1523611375180,-917504,86,-56,-1,-1,0
1523611375180,-983040,86,-56,-1,-1,0
1523611375180,-1048576,86,-56,-1,-1,0
1523611375220,-1179648,86,-56,-1,-1,0
1523611375220,-1179648,86,-56,-1,-1,0
1523611375220,-1245184,86,-56,-1,-1,0
1523611375220,-1179648,86,-56,-1,-1,0
1523611375220,-983040,86,-56,-1,-1,0
1523611375260,-851968,86,-56,-1,-1,0
1523611375260,-786432,86,-56,-1,-1,0
1523611375260,-720896,86,-56,-1,-1,0
1523611375260,-589824,86,-56,-1,-1,0
1523611375260,-720896,86,-56,-1,-1,0
1523611375300,-1048576,86,-56,-1,-1,0
1523611375300,-1048576,86,-56,-1,-1,0
1523611375300,-983040,86,-56,-1,-1,0
1523611375300,-1048576,86,-56,-1,-1,0
1523611375300,-1114112,86,-56,-1,-1,0
1523611375341,-1114112,87,-56,-1,-1,0
1523611375341,-1114112,87,-56,-1,-1,0
1523611375341,-1048576,87,-56,-1,-1,0
1523611375341,-983040,87,-56,-1,-1,0
1523611375341,-983040,87,-56,-1,-1,0
1523611375381,-917504,87,-56,-1,-1,0
1523611375381,196608,87,-56,-1,-1,0
1523611375381,3211264,87,-56,-1,-1,0
1523611375381,7798784,87,-56,-1,-1,0
1523611375381,9109504,87,-56,-1,-1,0
1523611375420,4849664,87,-56,-1,-1,0
1523611375420,0,87,-56,-1,-1,0
1523611375420,-1310720,87,-56,-1,-1,0
1523611375420,-851968,87,-56,-1,-1,0
1523611375420,-720896,87,-56,-1,-1,0
1523611375460,-720896,87,-56,-1,-1,0
1523611375460,-720896,87,-56,-1,-1,0
1523611375460,-786432,87,-56,-1,-1,0
1523611375460,-851968,87,-56,-1,-1,0
1523611375460,-655360,87,-56,-1,-1,0
1523611375500,-327680,87,-56,-1,-1,0
1523611375500,-262144,87,-56,-1,-1,0
1523611375500,-131072,87,-56,-1,-1,0
1523611375500,-196608,87,-56,-1,-1,0
1523611375500,-131072,87,-56,-1,-1,0
1523611375540,-65536,87,-56,-1,-1,0
1523611375540,65536,87,-56,-1,-1,0
1523611375540,196608,87,-56,-1,-1,0
1523611375540,393216,87,-56,-1,-1,0
1523611375540,524288,87,-56,-1,-1,0
1523611375580,786432,87,-56,-1,-1,0
1523611375580,1179648,87,-56,-1,-1,0
1523611375580,1769472,87,-56,-1,-1,0
1523611375580,2031616,87,-56,-1,-1,0
1523611375580,2228224,87,-56,-1,-1,0
1523611375620,2424832,87,-56,-1,-1,0
1523611375620,2555904,87,-56,-1,-1,0
1523611375620,2621440,87,-56,-1,-1,0
1523611375620,2555904,87,-56,-1,-1,0
1523611375620,2293760,87,-56,-1,-1,0
1523611375660,1769472,87,-56,-1,-1,0
1523611375660,1310720,87,-56,-1,-1,0
1523611375660,786432,87,-56,-1,-1,0
1523611375660,131072,87,-56,-1,-1,0
1523611375660,-196608,87,-56,-1,-1,0
1523611375700,-327680,87,-56,-1,-1,0
1523611375700,-458752,87,-56,-1,-1,0
1523611375700,-524288,87,-56,-1,-1,0
1523611375700,-589824,87,-56,-1,-1,0
1523611375700,-655360,87,-56,-1,-1,0
1523611375740,-720896,87,-56,-1,-1,0
1523611375740,-786432,87,-56,-1,-1,0
1523611375740,-917504,87,-56,-1,-1,0
1523611375740,-917504,87,-56,-1,-1,0
1523611375740,-851968,87,-56,-1,-1,0
1523611375780,-786432,87,-56,-1,-1,0
1523611375780,-851968,87,-56,-1,-1,0
1523611375780,-851968,87,-56,-1,-1,0
1523611375780,-786432,87,-56,-1,-1,0
1523611375780,-786432,87,-56,-1,-1,0
1523611375820,-851968,87,-56,-1,-1,0
1523611375820,-983040,87,-56,-1,-1,0
1523611375820,-1048576,87,-56,-1,-1,0
1523611375820,-1048576,87,-56,-1,-1,0
1523611375820,-1114112,87,-56,-1,-1,0
1523611375861,-1048576,87,-56,-1,-1,0
1523611375861,-917504,87,-56,-1,-1,0
1523611375861,-851968,87,-56,-1,-1,0
1523611375861,-1114112,87,-56,-1,-1,0
1523611375861,-1376256,87,-56,-1,-1,0
1523611375900,-1441792,87,-56,-1,-1,0
1523611375900,-1441792,87,-56,-1,-1,0
1523611375900,-1507328,87,-56,-1,-1,0
1523611375900,-1310720,87,-56,-1,-1,0
1523611375900,-1179648,87,-56,-1,-1,0
1523611375940,-1114112,87,-56,-1,-1,0
1523611375940,-1048576,87,-56,-1,-1,0
1523611375940,-851968,87,-56,-1,-1,0
1523611375940,-917504,87,-56,-1,-1,0
1523611375940,-1114112,87,-56,-1,-1,0
1523611375981,-1310720,87,-56,-1,-1,0
1523611375981,-1376256,87,-56,-1,-1,0
1523611375981,-1376256,87,-56,-1,-1,0
1523611375981,-1376256,87,-56,-1,-1,0
1523611375981,-1310720,87,-56,-1,-1,0
1523611376020,-1245184,87,-56,-1,-1,0
1523611376020,-1179648,87,-56,-1,-1,0
1523611376020,-1114112,87,-56,-1,-1,0
1523611376020,-1114112,87,-56,-1,-1,0
1523611376020,-1179648,87,-56,-1,-1,0
1523611376060,-786432,88,-56,-1,-1,0
1523611376060,1245184,88,-56,-1,-1,0
1523611376060,5636096,88,-56,-1,-1,0
1523611376060,9895936,88,-56,-1,-1,0
1523611376060,8650752,88,-56,-1,-1,0
1523611376100,2818048,88,-56,-1,-1,0
1523611376100,-1179648,88,-56,-1,-1,0
1523611376100,-1376256,88,-56,-1,-1,0
1523611376100,-917504,88,-56,-1,-1,0
1523611376100,-917504,88,-56,-1,-1,0
1523611376140,-851968,88,-56,-1,-1,0
1523611376140,-917504,88,-56,-1,-1,0
1523611376140,-851968,88,-56,-1,-1,0
1523611376140,-720896,88,-56,-1,-1,0
1523611376140,-655360,88,-56,-1,-1,0
1523611376180,-655360,88,-56,-1,-1,0
1523611376180,-524288,88,-56,-1,-1,0
1523611376180,-393216,88,-56,-1,-1,0
1523611376180,-393216,88,-56,-1,-1,0
1523611376180,-327680,88,-56,-1,-1,0
1523611376220,-65536,88,-56,-1,-1,0
1523611376220,131072,88,-56,-1,-1,0
1523611376220,262144,88,-56,-1,-1,0
1523611376220,524288,88,-56,-1,-1,0
1523611376220,786432,88,-56,-1,-1,0
1523611376260,983040,88,-56,-1,-1,0
1523611376260,1245184,88,-56,-1,-1,0
1523611376260,1572864,88,-56,-1,-1,0
1523611376260,1900544,88,-56,-1,-1,0
1523611376260,2228224,88,-56,-1,-1,0
1523611376300,2424832,88,-56,-1,-1,0
1523611376300,2490368,88,-56,-1,-1,0
1523611376300,2424832,88,-56,-1,-1,0
1523611376300,2293760,88,-56,-1,-1,0
1523611376300,2031616,88,-56,-1,-1,0
1523611376340,1572864,88,-56,-1,-1,0
1523611376340,786432,88,-56,-1,-1,0
1523611376340,0,88,-56,-1,-1,0
1523611376340,-393216,88,-56,-1,-1,0
1523611376340,-655360,88,-56,-1,-1,0
1523611376380,-786432,88,-56,-1,-1,0
1523611376380,-917504,88,-56,-1,-1,0
1523611376380,-983040,88,-56,-1,-1,0
1523611376380,-1048576,88,-56,-1,-1,0
1523611376380,-1114112,88,-56,-1,-1,0
1523611376420,-1048576,88,-56,-1,-1,0
1523611376420,-983040,88,-56,-1,-1,0
1523611376420,-1048576,88,-56,-1,-1,0
1523611376420,-1114112,88,-56,-1,-1,0
1523611376420,-1114112,88,-56,-1,-1,0
1523611376460,-1114112,88,-56,-1,-1,0
1523611376460,-983040,88,-56,-1,-1,0
1523611376460,-851968,88,-56,-1,-1,0
1523611376460,-851968,88,-56,-1,-1,0
1523611376460,-983040,88,-56,-1,-1,0
1523611376500,-983040,88,-56,-1,-1,0
1523611376500,-1048576,88,-56,-1,-1,0
1523611376500,-917504,88,-56,-1,-1,0
1523611376500,-917504,88,-56,-1,-1,0
1523611376500,-917504,88,-56,-1,-1,0
1523611376540,-917504,88,-56,-1,-1,0
1523611376540,-1048576,88,-56,-1,-1,0
1523611376540,-1114112,88,-56,-1,-1,0
1523611376540,-1245184,88,-56,-1,-1,0
1523611376540,-1114112,88,-56,-1,-1,0
1523611376580,-1048576,88,-56,-1,-1,0
1523611376580,-917504,88,-56,-1,-1,0
1523611376580,-1179648,88,-56,-1,-1,0
1523611376580,-1310720,88,-56,-1,-1,0
1523611376580,-1310720,88,-56,-1,-1,0
1523611376621,-1376256,88,-56,-1,-1,0
1523611376621,-1310720,88,-56,-1,-1,0
1523611376621,-1245184,88,-56,-1,-1,0
1523611376621,-917504,88,-56,-1,-1,0
1523611376621,-917504,88,-56,-1,-1,0
1523611376660,-983040,88,-56,-1,-1,0
1523611376660,-1048576,88,-56,-1,-1,0
1523611376660,-1048576,88,-56,-1,-1,0
1523611376660,-1179648,88,-56,-1,-1,0
1523611376660,-1245184,88,-56,-1,-1,0
1523611376700,-1179648,88,-56,-1,-1,0
1523611376700,-1114112,88,-56,-1,-1,0
1523611376700,-1114112,88,-56,-1,-1,0
1523611376700,-1114112,88,-56,-1,-1,0
1523611376700,-983040,88,-56,-1,-1,0
1523611376740,-983040,88,-56,-1,-1,0
1523611376740,-1048576,88,-56,-1,-1,0
1523611376740,-1179648,88,-56,-1,-1,0
1523611376740,-917504,88,-56,-1,-1,0
1523611376740,458752,88,-56,-1,-1,0
1523611376780,3866624,88,-56,-1,-1,0
1523611376780,8847360,88,-56,-1,-1,0
1523611376780,10551296,88,-56,-1,-1,0
1523611376780,6094848,88,-56,-1,-1,0
1523611376780,458752,88,-56,-1,-1,0
1523611376820,-1245184,88,-56,-1,-1,0
1523611376820,-786432,88,-56,-1,-1,0
1523611376820,-458752,88,-56,-1,-1,0
1523611376820,-589824,88,-56,-1,-1,0
1523611376820,-655360,88,-56,-1,-1,0
1523611376860,-589824,88,-56,-1,-1,0
1523611376860,-589824,88,-56,-1,-1,0
1523611376860,-720896,88,-56,-1,-1,0
1523611376860,-524288,88,-56,-1,-1,0
1523611376860,-262144,88,-56,-1,-1,0
1523611376900,-131072,88,-56,-1,-1,0
1523611376900,-262144,88,-56,-1,-1,0
1523611376900,0,88,-56,-1,-1,0
1523611376900,196608,88,-56,-1,-1,0
1523611376900,327680,88,-56,-1,-1,0
1523611376940,393216,88,-56,-1,-1,0
1523611376940,589824,88,-56,-1,-1,0
1523611376940,917504,88,-56,-1,-1,0
1523611376940,1310720,88,-56,-1,-1,0
1523611376940,1441792,88,-56,-1,-1,0
1523611376980,1638400,88,-56,-1,-1,0
1523611376980,2031616,88,-56,-1,-1,0
1523611376980,2359296,88,-56,-1,-1,0
1523611376980,2490368,88,-56,-1,-1,0
1523611376980,2686976,88,-56,-1,-1,0
1523611377020,3014656,88,-56,-1,-1,0
1523611377020,3145728,88,-56,-1,-1,0
1523611377020,2818048,88,-56,-1,-1,0
1523611377020,2097152,88,-56,-1,-1,0
1523611377020,1507328,88,-56,-1,-1,0
1523611377060,851968,88,-56,-1,-1,0
1523611377060,393216,88,-56,-1,-1,0
1523611377060,0,88,-56,-1,-1,0
1523611377060,-393216,88,-56,-1,-1,0
1523611377060,-458752,88,-56,-1,-1,0
1523611377100,-393216,88,-56,-1,-1,0
1523611377100,-458752,88,-56,-1,-1,0
1523611377100,-589824,88,-56,-1,-1,0
1523611377100,-524288,88,-56,-1,-1,0
1523611377100,-393216,88,-56,-1,-1,0
1523611377140,-393216,88,-56,-1,-1,0
1523611377140,-458752,88,-56,-1,-1,0
1523611377140,-524288,88,-56,-1,-1,0
1523611377140,-655360,88,-56,-1,-1,0
1523611377140,-589824,88,-56,-1,-1,0
1523611377180,-524288,88,-56,-1,-1,0
1523611377180,-393216,88,-56,-1,-1,0
1523611377180,-327680,88,-56,-1,-1,0
1523611377180,-327680,88,-56,-1,-1,0
1523611377180,-458752,88,-56,-1,-1,0
1523611377220,-327680,88,-56,-1,-1,0
1523611377220,-327680,88,-56,-1,-1,0
1523611377220,-655360,88,-56,-1,-1,0
1523611377220,-917504,88,-56,-1,-1,0
1523611377220,-458752,88,-56,-1,-1,0
1523611377261,-196608,88,-56,-1,-1,0
1523611377261,-262144,88,-56,-1,-1,0
1523611377261,-196608,88,-56,-1,-1,0
1523611377261,-589824,88,-56,-1,-1,0
1523611377261,-983040,88,-56,-1,-1,0
1523611377300,-720896,88,-56,-1,-1,0
1523611377300,-393216,88,-56,-1,-1,0
1523611377300,-327680,88,-56,-1,-1,0
1523611377300,-262144,88,-56,-1,-1,0
1523611377300,-327680,88,-56,-1,-1,0
1523611377340,-655360,88,-56,-1,-1,0
1523611377340,-786432,88,-56,-1,-1,0
1523611377340,-327680,88,-56,-1,-1,0
1523611377340,-458752,88,-56,-1,-1,0
1523611377340,-851968,88,-56,-1,-1,0
1523611377380,-851968,88,-56,-1,-1,0
1523611377380,-655360,88,-56,-1,-1,0
1523611377380,-589824,88,-56,-1,-1,0
1523611377380,-720896,88,-56,-1,-1,0
1523611377380,-196608,88,-56,-1,-1,0
1523611377420,-65536,88,-56,-1,-1,0
1523611377420,-196608,88,-56,-1,-1,0
1523611377420,-524288,88,-56,-1,-1,0
1523611377420,-720896,88,-56,-1,-1,0
1523611377420,-851968,88,-56,-1,-1,0
1523611377460,-655360,88,-56,-1,-1,0
1523611377460,-458752,88,-56,-1,-1,0
1523611377460,-458752,88,-56,-1,-1,0
1523611377460,-655360,88,-56,-1,-1,0
1523611377460,-851968,88,-56,-1,-1,0
1523611377500,-851968,88,-56,-1,-1,0
1523611377500,-589824,88,-56,-1,-1,0
1523611377500,-65536,88,-56,-1,-1,0
1523611377500,1179648,88,-56,-1,-1,0
1523611377500,4521984,88,-56,-1,-1,0
1523611377540,9764864,88,-56,-1,-1,0
1523611377540,11403264,88,-56,-1,-1,0
1523611377540,6619136,88,-56,-1,-1,0
1523611377540,327680,88,-56,-1,-1,0
1523611377540,-1703936,88,-56,-1,-1,0
1523611377580,-1310720,88,-56,-1,-1,0
1523611377580,-589824,88,-56,-1,-1,0
1523611377580,-524288,88,-56,-1,-1,0
1523611377580,-589824,88,-56,-1,-1,0
1523611377580,-851968,88,-56,-1,-1,0
1523611377620,-851968,88,-56,-1,-1,0
1523611377620,-458752,88,-56,-1,-1,0
1523611377620,-458752,88,-56,-1,-1,0
1523611377620,-524288,88,-56,-1,-1,0
1523611377620,-327680,88,-56,-1,-1,0
1523611377660,-262144,88,-56,-1,-1,0
1523611377660,-65536,88,-56,-1,-1,0
1523611377660,-131072,88,-56,-1,-1,0
1523611377660,131072,88,-56,-1,-1,0
1523611377660,524288,88,-56,-1,-1,0
1523611377700,851968,88,-56,-1,-1,0
1523611377700,1048576,88,-56,-1,-1,0
1523611377700,1179648,88,-56,-1,-1,0
1523611377700,1310720,88,-56,-1,-1,0
1523611377700,1769472,88,-56,-1,-1,0
1523611377740,2359296,88,-56,-1,-1,0
1523611377740,2883584,88,-56,-1,-1,0
1523611377740,3211264,88,-56,-1,-1,0
1523611377740,3145728,88,-56,-1,-1,0
1523611377740,3407872,88,-56,-1,-1,0
1523611377780,3407872,88,-56,-1,-1,0
1523611377780,2883584,88,-56,-1,-1,0
1523611377780,2097152,88,-56,-1,-1,0
1523611377780,1572864,88,-56,-1,-1,0
1523611377780,786432,88,-56,-1,-1,0
1523611377820,65536,88,-56,-1,-1,0
1523611377820,-327680,88,-56,-1,-1,0
1523611377820,-720896,88,-56,-1,-1,0
1523611377820,-786432,88,-56,-1,-1,0
1523611377820,-851968,88,-56,-1,-1,0
1523611377860,-917504,88,-56,-1,-1,0
1523611377860,-1245184,88,-56,-1,-1,0
1523611377860,-1245184,88,-56,-1,-1,0
1523611377860,-1114112,88,-56,-1,-1,0
1523611377860,-1245184,88,-56,-1,-1,0
1523611377901,-1114112,88,-56,-1,-1,0
1523611377901,-917504,88,-56,-1,-1,0
1523611377901,-917504,88,-56,-1,-1,0
1523611377901,-1048576,88,-56,-1,-1,0
1523611377901,-983040,88,-56,-1,-1,0
1523611377940,-720896,88,-56,-1,-1,0
1523611377940,-655360,88,-56,-1,-1,0
1523611377940,-786432,88,-56,-1,-1,0
1523611377940,-786432,88,-56,-1,-1,0
1523611377940,-589824,88,-56,-1,-1,0
1523611377980,-589824,88,-56,-1,-1,0
1523611377980,-983040,88,-56,-1,-1,0
1523611377980,-1114112,88,-56,-1,-1,0
1523611377980,-851968,88,-56,-1,-1,0
1523611377980,-655360,88,-56,-1,-1,0
1523611378020,-983040,88,-56,-1,-1,0
1523611378020,-1048576,88,-56,-1,-1,0
1523611378020,-917504,88,-56,-1,-1,0
1523611378020,-851968,88,-56,-1,-1,0
1523611378020,-851968,88,-56,-1,-1,0
1523611378060,-1114112,88,-56,-1,-1,0
1523611378060,-1114112,88,-56,-1,-1,0
1523611378060,-1048576,88,-56,-1,-1,0
1523611378060,-851968,88,-56,-1,-1,0
1523611378060,-720896,88,-56,-1,-1,0
1523611378100,-851968,88,-56,-1,-1,0
1523611378100,-917504,88,-56,-1,-1,0
1523611378100,-851968,88,-56,-1,-1,0
1523611378100,-1048576,88,-56,-1,-1,0
1523611378100,-1114112,88,-56,-1,-1,0
1523611378140,-1179648,88,-56,-1,-1,0
1523611378140,-917504,88,-56,-1,-1,0
1523611378140,-720896,88,-56,-1,-1,0
1523611378140,-851968,88,-56,-1,-1,0
1523611378140,-1048576,88,-56,-1,-1,0
1523611378180,-983040,88,-56,-1,-1,0
1523611378180,-720896,88,-56,-1,-1,0
1523611378180,-983040,88,-56,-1,-1,0
1523611378180,-1245184,88,-56,-1,-1,0
1523611378180,-1310720,88,-56,-1,-1,0
1523611378221,-1114112,88,-56,-1,-1,0
1523611378221,-1245184,88,-56,-1,-1,0
1523611378221,-1179648,88,-56,-1,-1,0
1523611378221,-917504,88,-56,-1,-1,0
1523611378221,-589824,88,-56,-1,-1,0
1523611378260,-589824,88,-56,-1,-1,0
1523611378260,-1114112,88,-56,-1,-1,0
1523611378260,-1048576,88,-56,-1,-1,0
1523611378260,1114112,88,-56,-1,-1,0
1523611378260,6356992,88,-56,-1,-1,0
1523611378300,11337728,88,-56,-1,-1,0
1523611378300,9699328,88,-56,-1,-1,0
1523611378300,2621440,88,-56,-1,-1,0
1523611378300,-2359296,88,-56,-1,-1,0
1523611378300,-2490368,88,-56,-1,-1,0
1523611378340,-1572864,88,-56,-1,-1,0
1523611378340,-1179648,88,-56,-1,-1,0
1523611378340,-1048576,88,-56,-1,-1,0
1523611378340,-1048576,88,-56,-1,-1,0
1523611378340,-851968,88,-56,-1,-1,0
1523611378380,-720896,88,-56,-1,-1,0
1523611378380,-262144,88,-56,-1,-1,0
1523611378380,-65536,88,-56,-1,-1,0
1523611378380,-65536,88,-56,-1,-1,0
1523611378380,-196608,88,-56,-1,-1,0
1523611378420,-262144,88,-56,-1,-1,0
1523611378420,-65536,88,-56,-1,-1,0
1523611378420,262144,88,-56,-1,-1,0
1523611378420,589824,88,-56,-1,-1,0
1523611378420,851968,88,-56,-1,-1,0
1523611378460,1114112,88,-56,-1,-1,0
1523611378460,1376256,88,-56,-1,-1,0
1523611378460,1703936,88,-56,-1,-1,0
1523611378460,1966080,88,-56,-1,-1,0
1523611378460,1966080,88,-56,-1,-1,0
1523611378500,2228224,88,-56,-1,-1,0
1523611378500,2686976,88,-56,-1,-1,0
1523611378500,3080192,88,-56,-1,-1,0
1523611378500,3211264,88,-56,-1,-1,0
1523611378500,3211264,88,-56,-1,-1,0
1523611378541,3080192,88,-56,-1,-1,0
1523611378541,2818048,88,-56,-1,-1,0
1523611378541,2097152,88,-56,-1,-1,0
1523611378541,1245184,88,-56,-1,-1,0
1523611378541,589824,88,-56,-1,-1,0
1523611378580,0,88,-56,-1,-1,0
1523611378580,-393216,88,-56,-1,-1,0
1523611378580,-655360,88,-56,-1,-1,0
1523611378580,-851968,88,-56,-1,-1,0
1523611378580,-917504,88,-56,-1,-1,0
1523611378620,-917504,88,-56,-1,-1,0
1523611378620,-917504,88,-56,-1,-1,0
1523611378620,-720896,88,-56,-1,-1,0
1523611378620,-589824,88,-56,-1,-1,0
1523611378620,-589824,88,-56,-1,-1,0
1523611378660,-851968,88,-56,-1,-1,0
1523611378660,-1114112,88,-56,-1,-1,0
1523611378660,-1179648,88,-56,-1,-1,0
1523611378660,-1245184,88,-56,-1,-1,0
1523611378660,-1376256,88,-56,-1,-1,0
1523611378700,-1572864,88,-56,-1,-1,0
1523611378700,-1638400,88,-56,-1,-1,0
1523611378700,-1835008,88,-56,-1,-1,0
1523611378700,-2031616,88,-56,-1,-1,0
1523611378700,-2162688,88,-56,-1,-1,0
1523611378740,-2293760,88,-56,-1,-1,0
1523611378740,-2490368,88,-56,-1,-1,0
1523611378740,-2555904,88,-56,-1,-1,0
1523611378740,-2686976,88,-56,-1,-1,0
1523611378740,-2686976,88,-56,-1,-1,0
1523611378780,-2555904,88,-56,-1,-1,0
1523611378780,-2359296,88,-56,-1,-1,0
1523611378780,-2293760,88,-56,-1,-1,0
1523611378780,-2162688,88,-56,-1,-1,0
1523611378780,-2097152,88,-56,-1,-1,0
1523611378820,-2097152,88,-56,-1,-1,0
1523611378820,-1966080,88,-56,-1,-1,0
1523611378820,-1835008,88,-56,-1,-1,0
1523611378820,-1703936,88,-56,-1,-1,0
1523611378820,-1638400,88,-56,-1,-1,0
1523611378860,-1572864,88,-56,-1,-1,0
1523611378860,-1376256,88,-56,-1,-1,0
1523611378860,-1179648,88,-56,-1,-1,0
1523611378860,-1048576,88,-56,-1,-1,0
1523611378860,-1048576,88,-56,-1,-1,0
1523611378900,-983040,88,-56,-1,-1,0
1523611378900,-917504,88,-56,-1,-1,0
1523611378900,-851968,88,-56,-1,-1,0
1523611378900,-851968,88,-56,-1,-1,0
1523611378900,-786432,88,-56,-1,-1,0
1523611378940,-786432,88,-56,-1,-1,0
1523611378940,-786432,88,-56,-1,-1,0
1523611378940,-720896,88,-56,-1,-1,0
1523611378940,-720896,88,-56,-1,-1,0
1523611378940,-589824,88,-56,-1,-1,0
1523611378980,-458752,88,-56,-1,-1,0
1523611378980,-327680,88,-56,-1,-1,0
1523611378980,-393216,88,-56,-1,-1,0
1523611378980,-720896,88,-56,-1,-1,0
1523611378980,-851968,88,-56,-1,-1,0
1523611379020,-1114112,88,-56,-1,-1,0
1523611379020,-1179648,88,-56,-1,-1,0
1523611379020,-1048576,88,-56,-1,-1,0
1523611379020,-786432,88,-56,-1,-1,0
1523611379020,-720896,88,-56,-1,-1,0
1523611379060,-655360,88,-56,-1,-1,0
1523611379060,-655360,88,-56,-1,-1,0
1523611379060,-196608,88,-56,-1,-1,0
1523611379060,1376256,88,-56,-1,-1,0
1523611379060,5373952,88,-56,-1,-1,0
1523611379100,10420224,88,-56,-1,-1,0
1523611379100,10551296,88,-56,-1,-1,0
1523611379100,4718592,88,-56,-1,-1,0
1523611379100,-524288,88,-56,-1,-1,0
1523611379100,-1310720,88,-56,-1,-1,0
1523611379140,-655360,88,-56,-1,-1,0
1523611379140,-327680,88,-56,-1,-1,0
1523611379140,-327680,88,-56,-1,-1,0
1523611379140,-458752,88,-56,-1,-1,0
1523611379140,-393216,88,-56,-1,-1,0
1523611379181,-262144,88,-56,-1,-1,0
1523611379181,-131072,88,-56,-1,-1,0
1523611379181,0,88,-56,-1,-1,0
1523611379181,0,88,-56,-1,-1,0
1523611379181,65536,88,-56,-1,-1,0
1523611379220,262144,88,-56,-1,-1,0
1523611379220,327680,88,-56,-1,-1,0
1523611379220,393216,88,-56,-1,-1,0
1523611379220,393216,88,-56,-1,-1,0
1523611379220,393216,88,-56,-1,-1,0
1523611379260,655360,88,-56,-1,-1,0
1523611379260,1048576,88,-56,-1,-1,0
1523611379260,1376256,88,-56,-1,-1,0
1523611379260,1769472,88,-56,-1,-1,0
1523611379260,2162688,88,-56,-1,-1,0
1523611379300,2293760,88,-56,-1,-1,0
1523611379300,2424832,88,-56,-1,-1,0
1523611379300,2555904,88,-56,-1,-1,0
1523611379300,2752512,88,-56,-1,-1,0
1523611379300,2949120,88,-56,-1,-1,0
1523611379340,2949120,88,-56,-1,-1,0
1523611379340,2752512,88,-56,-1,-1,0
1523611379340,2424832,88,-56,-1,-1,0
1523611379340,1703936,88,-56,-1,-1,0
1523611379340,786432,88,-56,-1,-1,0
1523611379380,262144,88,-56,-1,-1,0
1523611379380,-131072,88,-56,-1,-1,0
1523611379380,-589824,88,-56,-1,-1,0
1523611379380,-786432,88,-56,-1,-1,0
1523611379380,-851968,88,-56,-1,-1,0
1523611379420,-917504,88,-56,-1,-1,0
1523611379420,-1114112,88,-56,-1,-1,0
1523611379420,-1245184,88,-56,-1,-1,0
1523611379420,-1507328,88,-56,-1,-1,0
1523611379420,-1769472,88,-56,-1,-1,0
1523611379460,-1769472,88,-56,-1,-1,0
1523611379460,-1703936,88,-56,-1,-1,0
1523611379460,-1703936,88,-56,-1,-1,0
1523611379460,-1900544,88,-56,-1,-1,0
1523611379460,-1900544,88,-56,-1,-1,0
1523611379501,-1835008,88,-56,-1,-1,0
1523611379501,-1769472,88,-56,-1,-1,0
1523611379501,-1835008,88,-56,-1,-1,0
1523611379501,-1900544,88,-56,-1,-1,0
1523611379501,-1835008,88,-56,-1,-1,0
1523611379540,-1703936,88,-56,-1,-1,0
1523611379540,-1835008,88,-56,-1,-1,0
1523611379540,-2031616,88,-56,-1,-1,0
1523611379540,-2031616,88,-56,-1,-1,0
1523611379540,-1900544,88,-56,-1,-1,0
1523611379580,-1900544,88,-56,-1,-1,0
1523611379580,-1966080,88,-56,-1,-1,0
1523611379580,-1966080,88,-56,-1,-1,0
1523611379580,-2097152,88,-56,-1,-1,0
1523611379580,-2162688,88,-56,-1,-1,0
1523611379620,-2228224,88,-56,-1,-1,0
1523611379620,-2031616,88,-56,-1,-1,0
1523611379620,-1900544,88,-56,-1,-1,0
1523611379620,-1966080,88,-56,-1,-1,0
1523611379620,-1966080,88,-56,-1,-1,0
1523611379660,-1835008,88,-56,-1,-1,0
1523611379660,-1900544,88,-56,-1,-1,0
1523611379660,-2097152,88,-56,-1,-1,0
1523611379660,-2031616,88,-56,-1,-1,0
1523611379660,-2031616,88,-56,-1,-1,0
1523611379701,-2228224,88,-56,-1,-1,0
1523611379701,-2293760,88,-56,-1,-1,0
1523611379701,-2162688,88,-56,-1,-1,0
1523611379701,-2097152,88,-56,-1,-1,0
1523611379701,-1900544,88,-56,-1,-1,0
1523611379740,-1638400,88,-56,-1,-1,0
1523611379740,-1507328,88,-56,-1,-1,0
1523611379740,-1703936,88,-56,-1,-1,0
1523611379740,-1835008,88,-56,-1,-1,0
1523611379740,-1900544,88,-56,-1,-1,0
1523611379779,-2031616,88,-56,-1,-1,0
1523611379779,-2162688,88,-56,-1,-1,0
1523611379779,-2162688,88,-56,-1,-1,0
1523611379779,-1966080,88,-56,-1,-1,0
1523611379779,-1900544,88,-56,-1,-1,0
1523611379821,-1966080,88,-56,-1,-1,0
1523611379821,-2097152,88,-56,-1,-1,0
1523611379821,-2162688,88,-56,-1,-1,0
1523611379821,-1966080,88,-56,-1,-1,0
1523611379821,-917504,88,-56,-1,-1,0
1523611379859,1769472,88,-56,-1,-1,0
1523611379859,6422528,88,-56,-1,-1,0
1523611379859,9895936,88,-56,-1,-1,0
1523611379859,7471104,88,-56,-1,-1,0
1523611379859,1376256,88,-56,-1,-1,0
1523611379899,-2293760,88,-56,-1,-1,0
1523611379899,-2359296,88,-56,-1,-1,0
1523611379899,-1966080,88,-56,-1,-1,0
1523611379899,-1900544,88,-56,-1,-1,0
1523611379899,-1572864,88,-56,-1,-1,0
1523611379939,-1507328,88,-56,-1,-1,0
1523611379939,-1638400,88,-56,-1,-1,0
1523611379939,-1900544,88,-56,-1,-1,0
1523611379939,-2097152,88,-56,-1,-1,0
1523611379939,-1900544,88,-56,-1,-1,0
1523611379980,-1638400,88,-56,-1,-1,0
1523611379980,-1376256,88,-56,-1,-1,0
1523611379980,-1114112,88,-56,-1,-1,0
1523611379980,-983040,88,-56,-1,-1,0
1523611379980,-1048576,88,-56,-1,-1,0
1523611380019,-1114112,88,-56,-1,-1,0
1523611380019,-917504,88,-56,-1,-1,0
1523611380019,-786432,88,-56,-1,-1,0
1523611380019,-524288,88,-56,-1,-1,0
1523611380019,196608,88,-56,-1,-1,0
1523611380059,1048576,88,-56,-1,-1,0
1523611380059,1245184,88,-56,-1,-1,0
1523611380059,983040,88,-56,-1,-1,0
1523611380059,1179648,88,-56,-1,-1,0
1523611380059,1638400,88,-56,-1,-1,0
1523611380099,1835008,88,-56,-1,-1,0
1523611380099,1769472,88,-56,-1,-1,0
1523611380099,1638400,88,-56,-1,-1,0
1523611380099,1507328,88,-56,-1,-1,0
1523611380099,1245184,88,-56,-1,-1,0
1523611380139,524288,88,-56,-1,-1,0
1523611380139,-393216,88,-56,-1,-1,0
1523611380139,-851968,88,-56,-1,-1,0
1523611380139,-1048576,88,-56,-1,-1,0
1523611380139,-1310720,88,-56,-1,-1,0
1523611380179,-1441792,88,-56,-1,-1,0
1523611380179,-1310720,88,-56,-1,-1,0
1523611380179,-1048576,88,-56,-1,-1,0
1523611380179,-1245184,88,-56,-1,-1,0
1523611380179,-1572864,88,-56,-1,-1,0
1523611380219,-1572864,88,-56,-1,-1,0
1523611380219,-1310720,88,-56,-1,-1,0
1523611380219,-1114112,88,-56,-1,-1,0
1523611380219,-917504,88,-56,-1,-1,0
1523611380219,-720896,88,-56,-1,-1,0
1523611380259,-983040,88,-56,-1,-1,0
1523611380259,-1048576,88,-56,-1,-1,0
1523611380259,-786432,88,-56,-1,-1,0
1523611380259,-917504,88,-56,-1,-1,0
1523611380259,-983040,88,-56,-1,-1,0
1523611380300,-655360,88,-56,-1,-1,0
1523611380300,-589824,88,-56,-1,-1,0
1523611380300,-917504,88,-56,-1,-1,0
1523611380300,-720896,88,-56,-1,-1,0
1523611380300,-393216,88,-56,-1,-1,0
1523611380339,-393216,88,-56,-1,-1,0
1523611380339,-589824,88,-56,-1,-1,0
1523611380339,-851968,88,-56,-1,-1,0
1523611380339,-917504,88,-56,-1,-1,0
1523611380339,-786432,88,-56,-1,-1,0
1523611380381,-458752,88,-56,-1,-1,0
1523611380381,-262144,88,-56,-1,-1,0
1523611380381,0,88,-56,-1,-1,0
1523611380381,0,88,-56,-1,-1,0
1523611380381,-131072,88,-56,-1,-1,0
1523611380419,-196608,88,-56,-1,-1,0
1523611380419,-327680,88,-56,-1,-1,0
1523611380419,-196608,88,-56,-1,-1,0
1523611380419,0,88,-56,-1,-1,0
1523611380419,-262144,88,-56,-1,-1,0
1523611380461,-327680,88,-56,-1,-1,0
1523611380461,-196608,88,-56,-1,-1,0
1523611380461,-65536,88,-56,-1,-1,0
1523611380461,0,88,-56,-1,-1,0
1523611380461,-65536,88,-56,-1,-1,0
1523611380499,0,88,-56,-1,-1,0
1523611380499,0,88,-56,-1,-1,0
1523611380499,0,88,-56,-1,-1,0
1523611380499,-262144,88,-56,-1,-1,0
1523611380499,-262144,88,-56,-1,-1,0
1523611380540,-65536,88,-56,-1,-1,0
1523611380540,0,88,-56,-1,-1,0
1523611380540,-65536,88,-56,-1,-1,0
1523611380540,-393216,88,-56,-1,-1,0
1523611380540,-393216,88,-56,-1,-1,0
1523611380581,65536,88,-56,-1,-1,0
1523611380581,65536,88,-56,-1,-1,0
1523611380581,65536,88,-56,-1,-1,0
1523611380581,1310720,88,-56,-1,-1,0
1523611380581,4915200,88,-56,-1,-1,0
1523611380620,10551296,87,-56,-1,-1,0
1523611380620,12124160,87,-56,-1,-1,0
1523611380620,7143424,87,-56,-1,-1,0
1523611380620,1048576,87,-56,-1,-1,0
1523611380620,-1245184,87,-56,-1,-1,0
1523611380659,-917504,87,-56,-1,-1,0
1523611380659,0,87,-56,-1,-1,0
1523611380659,393216,87,-56,-1,-1,0
1523611380659,131072,87,-56,-1,-1,0
1523611380659,0,87,-56,-1,-1,0
1523611380700,65536,87,-56,-1,-1,0
1523611380700,327680,87,-56,-1,-1,0
1523611380700,458752,87,-56,-1,-1,0
1523611380700,524288,87,-56,-1,-1,0
1523611380700,458752,87,-56,-1,-1,0
1523611380740,262144,87,-56,-1,-1,0
1523611380740,589824,87,-56,-1,-1,0
1523611380740,851968,87,-56,-1,-1,0
1523611380740,851968,87,-56,-1,-1,0
1523611380740,917504,87,-56,-1,-1,0
1523611380780,1179648,87,-56,-1,-1,0
1523611380780,1638400,87,-56,-1,-1,0
1523611380780,1835008,87,-56,-1,-1,0
1523611380780,2162688,87,-56,-1,-1,0
1523611380780,2555904,87,-56,-1,-1,0
1523611380820,2883584,87,-56,-1,-1,0
1523611380820,3145728,87,-56,-1,-1,0
1523611380820,3080192,87,-56,-1,-1,0
1523611380820,3473408,87,-56,-1,-1,0
1523611380820,3735552,87,-56,-1,-1,0
1523611380860,3866624,87,-56,-1,-1,0
1523611380860,3604480,87,-56,-1,-1,0
1523611380860,2949120,87,-56,-1,-1,0
1523611380860,2097152,87,-56,-1,-1,0
1523611380860,1376256,87,-56,-1,-1,0
1523611380899,917504,87,-56,-1,-1,0
1523611380899,131072,87,-56,-1,-1,0
1523611380899,-458752,87,-56,-1,-1,0
1523611380899,-720896,87,-56,-1,-1,0
1523611380899,-196608,87,-56,-1,-1,0
1523611380941,-65536,87,-56,-1,-1,0
1523611380941,-393216,87,-56,-1,-1,0
1523611380941,-851968,87,-56,-1,-1,0
1523611380941,-983040,87,-56,-1,-1,0
1523611380941,-786432,87,-56,-1,-1,0
1523611380979,-524288,87,-56,-1,-1,0
1523611380979,-720896,87,-56,-1,-1,0
1523611380979,-655360,87,-56,-1,-1,0
1523611380979,-655360,87,-56,-1,-1,0
1523611380979,-655360,87,-56,-1,-1,0
1523611381020,-720896,87,-56,-1,-1,0
1523611381020,-589824,87,-56,-1,-1,0
1523611381020,-720896,87,-56,-1,-1,0
1523611381020,-786432,87,-56,-1,-1,0
1523611381020,-720896,87,-56,-1,-1,0
1523611381059,-851968,87,-56,-1,-1,0
1523611381059,-655360,87,-56,-1,-1,0
1523611381059,-458752,87,-56,-1,-1,0
1523611381059,-327680,87,-56,-1,-1,0
1523611381059,-524288,87,-56,-1,-1,0
1523611381101,-720896,87,-56,-1,-1,0
1523611381101,-655360,87,-56,-1,-1,0
1523611381101,-720896,87,-56,-1,-1,0
1523611381101,-786432,87,-56,-1,-1,0
1523611381101,-655360,87,-56,-1,-1,0
1523611381140,-458752,87,-56,-1,-1,0
1523611381140,-458752,87,-56,-1,-1,0
1523611381140,-589824,87,-56,-1,-1,0
1523611381140,-589824,87,-56,-1,-1,0
1523611381140,-524288,87,-56,-1,-1,0
1523611381180,-720896,87,-56,-1,-1,0
1523611381180,-851968,87,-56,-1,-1,0
1523611381180,-720896,87,-56,-1,-1,0
1523611381180,-458752,87,-56,-1,-1,0
1523611381180,-65536,87,-56,-1,-1,0
1523611381221,0,87,-56,-1,-1,0
1523611381221,-65536,87,-56,-1,-1,0
1523611381221,-131072,87,-56,-1,-1,0
1523611381221,-262144,87,-56,-1,-1,0
1523611381221,-65536,87,-56,-1,-1,0
1523611381260,131072,87,-56,-1,-1,0
1523611381260,0,87,-56,-1,-1,0
1523611381260,-196608,87,-56,-1,-1,0
1523611381260,-327680,87,-56,-1,-1,0
1523611381260,-262144,87,-56,-1,-1,0
1523611381299,-196608,86,-56,-1,-1,0
1523611381299,-262144,86,-56,-1,-1,0
1523611381299,-196608,86,-56,-1,-1,0
1523611381299,327680,86,-56,-1,-1,0
1523611381299,2424832,86,-56,-1,-1,0
1523611381340,6553600,86,-56,-1,-1,0
1523611381340,11272192,86,-56,-1,-1,0
1523611381340,11272192,86,-56,-1,-1,0
1523611381340,5898240,86,-56,-1,-1,0
1523611381340,851968,86,-56,-1,-1,0
1523611381381,-131072,86,-56,-1,-1,0
1523611381381,262144,86,-56,-1,-1,0
1523611381381,524288,86,-56,-1,-1,0
1523611381381,524288,86,-56,-1,-1,0
1523611381381,393216,86,-56,-1,-1,0
1523611381420,589824,86,-56,-1,-1,0
1523611381420,589824,86,-56,-1,-1,0
1523611381420,393216,86,-56,-1,-1,0
1523611381420,458752,86,-56,-1,-1,0
1523611381420,524288,86,-56,-1,-1,0
1523611381460,524288,86,-56,-1,-1,0
1523611381460,458752,86,-56,-1,-1,0
1523611381460,720896,86,-56,-1,-1,0
1523611381460,917504,86,-56,-1,-1,0
1523611381460,1048576,86,-56,-1,-1,0
1523611381500,1048576,86,-56,-1,-1,0
1523611381500,1310720,86,-56,-1,-1,0
1523611381500,1703936,86,-56,-1,-1,0
1523611381500,2097152,86,-56,-1,-1,0
1523611381500,2162688,86,-56,-1,-1,0
1523611381540,2228224,86,-56,-1,-1,0
1523611381540,2359296,86,-56,-1,-1,0
1523611381540,2752512,86,-56,-1,-1,0
1523611381540,2949120,86,-56,-1,-1,0
1523611381540,2949120,86,-56,-1,-1,0
1523611381581,3014656,86,-56,-1,-1,0
1523611381581,3145728,86,-56,-1,-1,0
1523611381581,2949120,86,-56,-1,-1,0
1523611381581,2490368,86,-56,-1,-1,0
1523611381581,1769472,86,-56,-1,-1,0
1523611381620,1114112,86,-56,-1,-1,0
1523611381620,786432,86,-56,-1,-1,0
1523611381620,393216,86,-56,-1,-1,0
1523611381620,65536,86,-56,-1,-1,0
1523611381620,-131072,86,-56,-1,-1,0
1523611381660,-393216,86,-56,-1,-1,0
1523611381660,-524288,86,-56,-1,-1,0
1523611381660,-524288,86,-56,-1,-1,0
1523611381660,-851968,86,-56,-1,-1,0
1523611381660,-983040,86,-56,-1,-1,0
1523611381700,-524288,86,-56,-1,-1,0
1523611381700,0,86,-56,-1,-1,0
1523611381700,-262144,86,-56,-1,-1,0
1523611381700,-917504,86,-56,-1,-1,0
1523611381700,-1310720,86,-56,-1,-1,0
1523611381741,-1245184,86,-56,-1,-1,0
1523611381741,-1114112,86,-56,-1,-1,0
1523611381741,-786432,86,-56,-1,-1,0
1523611381741,-458752,86,-56,-1,-1,0
1523611381741,-720896,86,-56,-1,-1,0
1523611381780,-1245184,86,-56,-1,-1,0
1523611381780,-1310720,86,-56,-1,-1,0
1523611381780,-1114112,86,-56,-1,-1,0
1523611381780,-1376256,86,-56,-1,-1,0
1523611381780,-1769472,86,-56,-1,-1,0
1523611381820,-1507328,86,-56,-1,-1,0
1523611381820,-1245184,86,-56,-1,-1,0
1523611381820,-1114112,86,-56,-1,-1,0
1523611381820,-1245184,86,-56,-1,-1,0
1523611381820,-1441792,86,-56,-1,-1,0
1523611381860,-1572864,86,-56,-1,-1,0
1523611381860,-1507328,86,-56,-1,-1,0
1523611381860,-1441792,86,-56,-1,-1,0
1523611381860,-1572864,86,-56,-1,-1,0
1523611381860,-1769472,86,-56,-1,-1,0
1523611381900,-1507328,86,-56,-1,-1,0
1523611381900,-1376256,86,-56,-1,-1,0
1523611381900,-1048576,86,-56,-1,-1,0
1523611381900,-786432,86,-56,-1,-1,0
1523611381900,-1245184,86,-56,-1,-1,0
1523611381940,-1638400,86,-56,-1,-1,0
1523611381940,-1638400,86,-56,-1,-1,0
1523611381940,-1703936,86,-56,-1,-1,0
1523611381940,-1507328,86,-56,-1,-1,0
1523611381940,-1245184,86,-56,-1,-1,0
1523611381980,-1179648,85,-56,-1,-1,0
1523611381980,-1245184,85,-56,-1,-1,0
1523611381980,-1376256,85,-56,-1,-1,0
1523611381980,-1703936,85,-56,-1,-1,0
1523611381980,-1769472,85,-56,-1,-1,0
1523611382020,-1376256,85,-56,-1,-1,0
1523611382020,-131072,85,-56,-1,-1,0
1523611382020,2949120,85,-56,-1,-1,0
1523611382020,7864320,85,-56,-1,-1,0
1523611382020,10027008,85,-56,-1,-1,0
1523611382060,6029312,85,-56,-1,-1,0
1523611382060,65536,85,-56,-1,-1,0
1523611382060,-2097152,85,-56,-1,-1,0
1523611382060,-1507328,85,-56,-1,-1,0
1523611382060,-1245184,85,-56,-1,-1,0
1523611382100,-1376256,85,-56,-1,-1,0
1523611382100,-1507328,85,-56,-1,-1,0
1523611382100,-1441792,85,-56,-1,-1,0
1523611382100,-1114112,85,-56,-1,-1,0
1523611382100,-720896,85,-56,-1,-1,0
1523611382140,-458752,85,-56,-1,-1,0
1523611382140,-786432,85,-56,-1,-1,0
1523611382140,-1114112,85,-56,-1,-1,0
1523611382140,-1114112,85,-56,-1,-1,0
1523611382140,-458752,85,-56,-1,-1,0
1523611382180,-196608,85,-56,-1,-1,0
1523611382180,-196608,85,-56,-1,-1,0
1523611382180,-327680,85,-56,-1,-1,0
1523611382180,327680,85,-56,-1,-1,0
1523611382180,851968,85,-56,-1,-1,0
1523611382220,786432,85,-56,-1,-1,0
1523611382220,655360,85,-56,-1,-1,0
1523611382220,1310720,85,-56,-1,-1,0
1523611382220,2031616,85,-56,-1,-1,0
1523611382220,2162688,85,-56,-1,-1,0
1523611382260,2293760,85,-56,-1,-1,0
1523611382260,2490368,85,-56,-1,-1,0
1523611382260,2883584,85,-56,-1,-1,0
1523611382260,2686976,85,-56,-1,-1,0
1523611382260,2555904,85,-56,-1,-1,0
1523611382300,2097152,85,-56,-1,-1,0
1523611382300,1376256,85,-56,-1,-1,0
1523611382300,589824,85,-56,-1,-1,0
1523611382300,196608,85,-56,-1,-1,0
1523611382300,-65536,85,-56,-1,-1,0
1523611382340,-196608,85,-56,-1,-1,0
1523611382340,-262144,85,-56,-1,-1,0
1523611382340,-524288,85,-56,-1,-1,0
1523611382340,-589824,85,-56,-1,-1,0
1523611382340,-655360,85,-56,-1,-1,0
1523611382381,-589824,85,-56,-1,-1,0
1523611382381,-786432,85,-56,-1,-1,0
1523611382381,-524288,85,-56,-1,-1,0
1523611382381,-262144,85,-56,-1,-1,0
1523611382381,-458752,85,-56,-1,-1,0
1523611382420,-720896,85,-56,-1,-1,0
1523611382420,-851968,85,-56,-1,-1,0
1523611382420,-393216,85,-56,-1,-1,0
1523611382420,-65536,85,-56,-1,-1,0
1523611382420,-196608,85,-56,-1,-1,0
1523611382460,-327680,85,-56,-1,-1,0
1523611382460,-524288,85,-56,-1,-1,0
1523611382460,-851968,85,-56,-1,-1,0
1523611382460,-720896,85,-56,-1,-1,0
1523611382460,-458752,85,-56,-1,-1,0
1523611382500,-655360,85,-56,-1,-1,0
1523611382500,-786432,85,-56,-1,-1,0
1523611382500,-851968,85,-56,-1,-1,0
1523611382500,-655360,85,-56,-1,-1,0
1523611382500,-589824,85,-56,-1,-1,0
1523611382540,-655360,85,-56,-1,-1,0
1523611382540,-983040,85,-56,-1,-1,0
1523611382540,-1048576,85,-56,-1,-1,0
1523611382540,-917504,85,-56,-1,-1,0
1523611382540,-851968,85,-56,-1,-1,0
1523611382580,-720896,85,-56,-1,-1,0
1523611382580,-393216,85,-56,-1,-1,0
1523611382580,-458752,85,-56,-1,-1,0
1523611382580,-327680,85,-56,-1,-1,0
1523611382580,-393216,85,-56,-1,-1,0
1523611382620,-393216,85,-56,-1,-1,0
1523611382620,-589824,85,-56,-1,-1,0
1523611382620,-458752,85,-56,-1,-1,0
1523611382620,-589824,85,-56,-1,-1,0
1523611382620,-589824,85,-56,-1,-1,0
1523611382661,-786432,85,-56,-1,-1,0
1523611382661,-786432,85,-56,-1,-1,0
1523611382661,-720896,85,-56,-1,-1,0
1523611382661,-720896,85,-56,-1,-1,0
1523611382661,-655360,85,-56,-1,-1,0
1523611382700,-327680,85,-56,-1,-1,0
1523611382700,983040,85,-56,-1,-1,0
1523611382700,4325376,85,-56,-1,-1,0
1523611382700,9175040,85,-56,-1,-1,0
1523611382700,11403264,85,-56,-1,-1,0
1523611382740,7208960,85,-56,-1,-1,0
1523611382740,1245184,85,-56,-1,-1,0
1523611382740,-1114112,85,-56,-1,-1,0
1523611382740,-589824,85,-56,-1,-1,0
1523611382740,-196608,85,-56,-1,-1,0
1523611382780,-262144,85,-56,-1,-1,0
1523611382780,-262144,85,-56,-1,-1,0
1523611382780,-131072,85,-56,-1,-1,0
1523611382780,0,85,-56,-1,-1,0
1523611382780,-65536,85,-56,-1,-1,0
1523611382820,-65536,85,-56,-1,-1,0
1523611382820,0,85,-56,-1,-1,0
1523611382820,65536,85,-56,-1,-1,0
1523611382820,131072,85,-56,-1,-1,0
1523611382820,196608,85,-56,-1,-1,0
1523611382860,393216,85,-56,-1,-1,0
1523611382860,524288,85,-56,-1,-1,0
1523611382860,524288,85,-56,-1,-1,0
1523611382860,655360,85,-56,-1,-1,0
1523611382860,1048576,85,-56,-1,-1,0
1523611382900,1441792,85,-56,-1,-1,0
1523611382900,1638400,85,-56,-1,-1,0
1523611382900,1966080,85,-56,-1,-1,0
1523611382900,2228224,85,-56,-1,-1,0
1523611382900,2359296,85,-56,-1,-1,0
1523611382940,2424832,85,-56,-1,-1,0
1523611382940,2621440,85,-56,-1,-1,0
1523611382940,2883584,85,-56,-1,-1,0
1523611382940,2949120,85,-56,-1,-1,0
1523611382940,2818048,85,-56,-1,-1,0
1523611382980,2424832,85,-56,-1,-1,0
1523611382980,1769472,85,-56,-1,-1,0
1523611382980,983040,85,-56,-1,-1,0
1523611382980,327680,85,-56,-1,-1,0
1523611382980,0,85,-56,-1,-1,0
1523611383021,-131072,85,-56,-1,-1,0
1523611383021,-393216,85,-56,-1,-1,0
1523611383021,-655360,85,-56,-1,-1,0
1523611383021,-655360,85,-56,-1,-1,0
1523611383021,-589824,85,-56,-1,-1,0
1523611383060,-655360,85,-56,-1,-1,0
1523611383060,-720896,85,-56,-1,-1,0
1523611383060,-655360,85,-56,-1,-1,0
1523611383060,-655360,85,-56,-1,-1,0
1523611383060,-917504,85,-56,-1,-1,0
1523611383100,-1048576,85,-56,-1,-1,0
1523611383100,-983040,85,-56,-1,-1,0
1523611383100,-917504,85,-56,-1,-1,0
1523611383100,-983040,85,-56,-1,-1,0
1523611383100,-917504,85,-56,-1,-1,0
1523611383140,-917504,85,-56,-1,-1,0
1523611383140,-983040,85,-56,-1,-1,0
1523611383140,-917504,85,-56,-1,-1,0
1523611383140,-786432,85,-56,-1,-1,0
1523611383140,-720896,85,-56,-1,-1,0
1523611383180,-917504,85,-56,-1,-1,0
1523611383180,-1114112,85,-56,-1,-1,0
1523611383180,-1114112,85,-56,-1,-1,0
1523611383180,-917504,85,-56,-1,-1,0
1523611383180,-917504,85,-56,-1,-1,0
1523611383220,-1048576,85,-56,-1,-1,0
1523611383220,-1179648,85,-56,-1,-1,0
1523611383220,-1310720,85,-56,-1,-1,0
1523611383220,-1245184,85,-56,-1,-1,0
1523611383220,-1048576,85,-56,-1,-1,0
1523611383260,-1048576,85,-56,-1,-1,0
1523611383260,-1048576,85,-56,-1,-1,0
1523611383260,-851968,85,-56,-1,-1,0
1523611383260,-851968,85,-56,-1,-1,0
1523611383260,-1048576,85,-56,-1,-1,0
1523611383300,-1310720,85,-56,-1,-1,0
1523611383300,-1310720,85,-56,-1,-1,0
1523611383300,-1441792,85,-56,-1,-1,0
1523611383300,-1376256,85,-56,-1,-1,0
1523611383300,-1179648,85,-56,-1,-1,0
1523611383340,-1376256,85,-56,-1,-1,0
1523611383340,-1966080,85,-56,-1,-1,0
1523611383340,-2228224,85,-56,-1,-1,0
1523611383340,-1835008,85,-56,-1,-1,0
1523611383340,-1245184,85,-56,-1,-1,0
1523611383380,-196608,85,-56,-1,-1,0
1523611383380,2752512,85,-56,-1,-1,0
1523611383380,8126464,85,-56,-1,-1,0
1523611383380,10682368,85,-56,-1,-1,0
1523611383380,6356992,85,-56,-1,-1,0
1523611383420,-65536,85,-56,-1,-1,0
1523611383420,-2686976,85,-56,-1,-1,0
1523611383420,-2490368,85,-56,-1,-1,0
1523611383420,-1966080,85,-56,-1,-1,0
1523611383420,-1507328,85,-56,-1,-1,0
1523611383460,-1245184,85,-56,-1,-1,0
1523611383460,-1310720,85,-56,-1,-1,0
1523611383460,-1638400,85,-56,-1,-1,0
1523611383460,-1441792,85,-56,-1,-1,0
1523611383460,-1179648,85,-56,-1,-1,0
1523611383500,-1048576,85,-56,-1,-1,0
1523611383500,-1048576,85,-56,-1,-1,0
1523611383500,-917504,85,-56,-1,-1,0
1523611383500,-851968,85,-56,-1,-1,0
1523611383500,-720896,85,-56,-1,-1,0
1523611383540,-655360,85,-56,-1,-1,0
1523611383540,-589824,85,-56,-1,-1,0
1523611383540,-196608,85,-56,-1,-1,0
1523611383540,0,85,-56,-1,-1,0
1523611383540,327680,85,-56,-1,-1,0
1523611383580,458752,85,-56,-1,-1,0
1523611383580,1048576,85,-56,-1,-1,0
1523611383580,1572864,85,-56,-1,-1,0
1523611383580,1900544,85,-56,-1,-1,0
1523611383580,1835008,85,-56,-1,-1,0
1523611383620,1638400,85,-56,-1,-1,0
1523611383620,1900544,85,-56,-1,-1,0
1523611383620,2228224,85,-56,-1,-1,0
1523611383620,1966080,85,-56,-1,-1,0
1523611383620,1179648,85,-56,-1,-1,0
1523611383661,655360,85,-56,-1,-1,0
1523611383661,0,85,-56,-1,-1,0
1523611383661,-327680,85,-56,-1,-1,0
1523611383661,-917504,85,-56,-1,-1,0
1523611383661,-1441792,85,-56,-1,-1,0
1523611383700,-1703936,85,-56,-1,-1,0
1523611383700,-1572864,85,-56,-1,-1,0
1523611383700,-1245184,85,-56,-1,-1,0
1523611383700,-1572864,85,-56,-1,-1,0
1523611383700,-1769472,85,-56,-1,-1,0
1523611383740,-1441792,85,-56,-1,-1,0
1523611383740,-1114112,85,-56,-1,-1,0
1523611383740,-1048576,85,-56,-1,-1,0
1523611383740,-1572864,85,-56,-1,-1,0
1523611383740,-1376256,85,-56,-1,-1,0
1523611383780,-1245184,85,-56,-1,-1,0
1523611383780,-1179648,85,-56,-1,-1,0
1523611383780,-1376256,85,-56,-1,-1,0
1523611383780,-1376256,85,-56,-1,-1,0
1523611383780,-1441792,85,-56,-1,-1,0
1523611383820,-1179648,85,-56,-1,-1,0
1523611383820,-1310720,85,-56,-1,-1,0
1523611383820,-1703936,85,-56,-1,-1,0
1523611383820,-1376256,85,-56,-1,-1,0
1523611383820,-917504,85,-56,-1,-1,0
1523611383860,-1048576,85,-56,-1,-1,0
1523611383860,-1507328,85,-56,-1,-1,0
1523611383860,-1572864,85,-56,-1,-1,0
1523611383860,-1310720,85,-56,-1,-1,0
1523611383860,-1114112,85,-56,-1,-1,0
1523611383900,-1048576,85,-56,-1,-1,0
1523611383900,-1376256,85,-56,-1,-1,0
1523611383900,-1114112,85,-56,-1,-1,0
1523611383900,-851968,85,-56,-1,-1,0
1523611383900,-917504,85,-56,-1,-1,0
1523611383940,-851968,85,-56,-1,-1,0
1523611383940,-589824,85,-56,-1,-1,0
1523611383940,-1245184,85,-56,-1,-1,0
1523611383940,-1835008,85,-56,-1,-1,0
1523611383940,-1572864,85,-56,-1,-1,0
1523611383980,-983040,85,-56,-1,-1,0
1523611383980,-720896,85,-56,-1,-1,0
1523611383980,-1179648,85,-56,-1,-1,0
1523611383980,-1310720,85,-56,-1,-1,0
1523611383980,-1114112,85,-56,-1,-1,0
1523611384020,-983040,85,-56,-1,-1,0
1523611384020,720896,85,-56,-1,-1,0
1523611384020,4521984,85,-56,-1,-1,0
1523611384020,9699328,85,-56,-1,-1,0
1523611384020,10616832,85,-56,-1,-1,0
1523611384060,5439488,85,-56,-1,-1,0
1523611384060,-262144,85,-56,-1,-1,0
1523611384060,-1507328,85,-56,-1,-1,0
1523611384060,-1048576,85,-56,-1,-1,0
1523611384060,-851968,85,-56,-1,-1,0
1523611384100,-917504,85,-56,-1,-1,0
1523611384100,-983040,85,-56,-1,-1,0
1523611384100,-655360,85,-56,-1,-1,0
1523611384100,-720896,85,-56,-1,-1,0
1523611384100,-655360,85,-56,-1,-1,0
1523611384140,-393216,85,-56,-1,-1,0
1523611384140,0,85,-56,-1,-1,0
1523611384140,-131072,85,-56,-1,-1,0
1523611384140,-131072,85,-56,-1,-1,0
1523611384140,0,85,-56,-1,-1,0
1523611384180,65536,85,-56,-1,-1,0
1523611384180,0,85,-56,-1,-1,0
1523611384180,393216,85,-56,-1,-1,0
1523611384180,1048576,85,-56,-1,-1,0
1523611384180,1245184,85,-56,-1,-1,0
1523611384220,1507328,85,-56,-1,-1,0
1523611384220,1572864,85,-56,-1,-1,0
1523611384220,2097152,85,-56,-1,-1,0
1523611384220,2555904,85,-56,-1,-1,0
1523611384220,2883584,85,-56,-1,-1,0
1523611384260,3145728,85,-56,-1,-1,0
1523611384260,3407872,85,-56,-1,-1,0
1523611384260,3604480,85,-56,-1,-1,0
1523611384260,3538944,85,-56,-1,-1,0
1523611384260,3145728,85,-56,-1,-1,0
1523611384301,2424832,85,-56,-1,-1,0
1523611384301,1638400,85,-56,-1,-1,0
1523611384301,917504,85,-56,-1,-1,0
1523611384301,524288,85,-56,-1,-1,0
1523611384301,196608,85,-56,-1,-1,0
1523611384340,-131072,85,-56,-1,-1,0
1523611384340,-262144,85,-56,-1,-1,0
1523611384340,-327680,85,-56,-1,-1,0
1523611384340,-393216,85,-56,-1,-1,0
1523611384340,-393216,85,-56,-1,-1,0
1523611384380,-458752,85,-56,-1,-1,0
1523611384380,-524288,85,-56,-1,-1,0
1523611384380,-589824,85,-56,-1,-1,0
1523611384380,-589824,85,-56,-1,-1,0
1523611384380,-524288,85,-56,-1,-1,0
1523611384420,-589824,85,-56,-1,-1,0
1523611384420,-589824,85,-56,-1,-1,0
1523611384420,-327680,85,-56,-1,-1,0
1523611384420,-196608,85,-56,-1,-1,0
1523611384420,-393216,85,-56,-1,-1,0
1523611384460,-655360,85,-56,-1,-1,0
1523611384460,-655360,85,-56,-1,-1,0
1523611384460,-786432,85,-56,-1,-1,0
1523611384460,-983040,85,-56,-1,-1,0
1523611384460,-1114112,85,-56,-1,-1,0
1523611384500,-1048576,85,-56,-1,-1,0
1523611384500,-917504,85,-56,-1,-1,0
1523611384500,-720896,85,-56,-1,-1,0
1523611384500,-720896,85,-56,-1,-1,0
1523611384500,-720896,85,-56,-1,-1,0
1523611384540,-786432,85,-56,-1,-1,0
1523611384540,-720896,85,-56,-1,-1,0
1523611384540,-524288,85,-56,-1,-1,0
1523611384540,-524288,85,-56,-1,-1,0
1523611384540,-524288,85,-56,-1,-1,0
1523611384580,-458752,85,-56,-1,-1,0
1523611384580,-589824,85,-56,-1,-1,0
1523611384580,-786432,85,-56,-1,-1,0
1523611384580,-851968,85,-56,-1,-1,0
1523611384580,-786432,85,-56,-1,-1,0
1523611384620,-786432,85,-56,-1,-1,0
1523611384620,-786432,85,-56,-1,-1,0
1523611384620,-786432,85,-56,-1,-1,0
1523611384620,-917504,85,-56,-1,-1,0
1523611384620,-1114112,85,-56,-1,-1,0
1523611384660,-1048576,85,-56,-1,-1,0
1523611384660,-589824,85,-56,-1,-1,0
1523611384660,917504,85,-56,-1,-1,0
1523611384660,4653056,85,-56,-1,-1,0
1523611384660,9961472,85,-56,-1,-1,0
1523611384700,11337728,85,-56,-1,-1,0
1523611384700,6291456,85,-56,-1,-1,0
1523611384700,327680,85,-56,-1,-1,0
1523611384700,-1310720,85,-56,-1,-1,0
1523611384700,-851968,85,-56,-1,-1,0
1523611384740,-589824,85,-56,-1,-1,0
1523611384740,-589824,85,-56,-1,-1,0
1523611384740,-655360,85,-56,-1,-1,0
1523611384740,-524288,85,-56,-1,-1,0
1523611384740,-458752,85,-56,-1,-1,0
1523611384780,-458752,85,-56,-1,-1,0
1523611384780,-393216,85,-56,-1,-1,0
1523611384780,-196608,85,-56,-1,-1,0
1523611384780,0,85,-56,-1,-1,0
1523611384780,0,85,-56,-1,-1,0
1523611384820,-65536,85,-56,-1,-1,0
1523611384820,-393216,85,-56,-1,-1,0
1523611384820,-196608,85,-56,-1,-1,0
1523611384820,-131072,85,-56,-1,-1,0
1523611384820,393216,85,-56,-1,-1,0
1523611384860,655360,85,-56,-1,-1,0
1523611384860,983040,85,-56,-1,-1,0
1523611384860,655360,85,-56,-1,-1,0
1523611384860,917504,85,-56,-1,-1,0
1523611384860,1441792,85,-56,-1,-1,0
1523611384900,1703936,85,-56,-1,-1,0
1523611384900,1900544,85,-56,-1,-1,0
1523611384900,2031616,85,-56,-1,-1,0
1523611384900,1966080,85,-56,-1,-1,0
1523611384900,1835008,85,-56,-1,-1,0
1523611384941,1245184,85,-56,-1,-1,0
1523611384941,917504,85,-56,-1,-1,0
1523611384941,1179648,85,-56,-1,-1,0
1523611384941,393216,85,-56,-1,-1,0
1523611384941,-983040,85,-56,-1,-1,0
1523611384980,-1376256,85,-56,-1,-1,0
1523611384980,-1048576,85,-56,-1,-1,0
1523611384980,-1114112,85,-56,-1,-1,0
1523611384980,-1441792,85,-56,-1,-1,0
1523611384980,-1441792,85,-56,-1,-1,0
1523611385020,-1376256,85,-56,-1,-1,0
1523611385020,-1310720,85,-56,-1,-1,0
1523611385020,-1310720,85,-56,-1,-1,0
1523611385020,-1310720,85,-56,-1,-1,0
1523611385020,-1441792,85,-56,-1,-1,0
1523611385060,-1441792,85,-56,-1,-1,0
1523611385060,-1572864,85,-56,-1,-1,0
1523611385060,-1507328,85,-56,-1,-1,0
1523611385060,-1179648,85,-56,-1,-1,0
1523611385060,-983040,85,-56,-1,-1,0
1523611385100,-1048576,85,-56,-1,-1,0
1523611385100,-1245184,85,-56,-1,-1,0
1523611385100,-1703936,85,-56,-1,-1,0
1523611385100,-1966080,85,-56,-1,-1,0
1523611385100,-1638400,85,-56,-1,-1,0
1523611385140,-1114112,85,-56,-1,-1,0
1523611385140,-983040,85,-56,-1,-1,0
1523611385140,-1245184,85,-56,-1,-1,0
1523611385140,-1900544,85,-56,-1,-1,0
1523611385140,-2031616,85,-56,-1,-1,0
1523611385180,-1835008,85,-56,-1,-1,0
1523611385180,-1769472,85,-56,-1,-1,0
1523611385180,-1507328,85,-56,-1,-1,0
1523611385180,-1572864,85,-56,-1,-1,0
1523611385180,-1703936,85,-56,-1,-1,0
1523611385220,-1572864,85,-56,-1,-1,0
1523611385220,-1048576,85,-56,-1,-1,0
1523611385220,-1310720,85,-56,-1,-1,0
1523611385220,-1769472,85,-56,-1,-1,0
1523611385220,-1769472,85,-56,-1,-1,0
1523611385260,-1638400,85,-56,-1,-1,0
1523611385260,-1835008,85,-56,-1,-1,0
1523611385260,-1966080,85,-56,-1,-1,0
1523611385260,-1900544,85,-56,-1,-1,0
1523611385260,-2031616,85,-56,-1,-1,0
1523611385300,-1703936,85,-56,-1,-1,0
1523611385300,-983040,85,-56,-1,-1,0
1523611385300,-131072,85,-56,-1,-1,0
1523611385300,2555904,85,-56,-1,-1,0
1523611385300,7143424,85,-56,-1,-1,0
1523611385340,9830400,85,-56,-1,-1,0
1523611385340,6291456,85,-56,-1,-1,0
1523611385340,458752,85,-56,-1,-1,0
1523611385340,-2228224,85,-56,-1,-1,0
1523611385340,-1703936,85,-56,-1,-1,0
1523611385380,-1245184,85,-56,-1,-1,0
1523611385380,-917504,85,-56,-1,-1,0
1523611385380,-1048576,85,-56,-1,-1,0
1523611385380,-1114112,85,-56,-1,-1,0
1523611385380,-851968,85,-56,-1,-1,0
1523611385420,-786432,85,-56,-1,-1,0
1523611385420,-720896,85,-56,-1,-1,0
1523611385420,-720896,85,-56,-1,-1,0
1523611385420,-655360,85,-56,-1,-1,0
1523611385420,-524288,85,-56,-1,-1,0
1523611385460,-196608,85,-56,-1,-1,0
1523611385460,-327680,85,-56,-1,-1,0
1523611385460,-196608,85,-56,-1,-1,0
1523611385460,131072,85,-56,-1,-1,0
1523611385460,524288,85,-56,-1,-1,0
1523611385500,917504,85,-56,-1,-1,0
1523611385500,1114112,85,-56,-1,-1,0
1523611385500,655360,85,-56,-1,-1,0
1523611385500,851968,85,-56,-1,-1,0
1523611385500,1835008,85,-56,-1,-1,0
1523611385540,2424832,85,-56,-1,-1,0
1523611385540,2686976,85,-56,-1,-1,0
1523611385540,2621440,85,-56,-1,-1,0
1523611385540,2621440,85,-56,-1,-1,0
1523611385540,2555904,85,-56,-1,-1,0
1523611385581,2490368,85,-56,-1,-1,0
1523611385581,1835008,85,-56,-1,-1,0
1523611385581,983040,85,-56,-1,-1,0
1523611385581,327680,85,-56,-1,-1,0
1523611385581,-65536,85,-56,-1,-1,0
1523611385620,-458752,85,-56,-1,-1,0
1523611385620,-1114112,85,-56,-1,-1,0
1523611385620,-1376256,85,-56,-1,-1,0
1523611385620,-1310720,85,-56,-1,-1,0
1523611385620,-1048576,85,-56,-1,-1,0
1523611385660,-1114112,85,-56,-1,-1,0
1523611385660,-1310720,85,-56,-1,-1,0
1523611385660,-1310720,85,-56,-1,-1,0
1523611385660,-1114112,85,-56,-1,-1,0
1523611385660,-1048576,85,-56,-1,-1,0
1523611385700,-1114112,85,-56,-1,-1,0
1523611385700,-983040,85,-56,-1,-1,0
1523611385700,-917504,85,-56,-1,-1,0
1523611385700,-1179648,85,-56,-1,-1,0
1523611385700,-1179648,85,-56,-1,-1,0
1523611385740,-1114112,85,-56,-1,-1,0
1523611385740,-1048576,85,-56,-1,-1,0
1523611385740,-1179648,85,-56,-1,-1,0
1523611385740,-1310720,85,-56,-1,-1,0
1523611385740,-1376256,85,-56,-1,-1,0
1523611385780,-1507328,85,-56,-1,-1,0
1523611385780,-1441792,85,-56,-1,-1,0
1523611385780,-1507328,85,-56,-1,-1,0
1523611385780,-1441792,85,-56,-1,-1,0
1523611385780,-1441792,85,-56,-1,-1,0
1523611385820,-1310720,85,-56,-1,-1,0
1523611385820,-1310720,85,-56,-1,-1,0
1523611385820,-1245184,85,-56,-1,-1,0
1523611385820,-1048576,85,-56,-1,-1,0
1523611385820,-917504,85,-56,-1,-1,0
1523611385860,-983040,85,-56,-1,-1,0
1523611385860,-1114112,85,-56,-1,-1,0
1523611385860,-1245184,85,-56,-1,-1,0
1523611385860,-1179648,85,-56,-1,-1,0
1523611385860,-1048576,85,-56,-1,-1,0
1523611385900,-1048576,85,-56,-1,-1,0
1523611385900,-1114112,85,-56,-1,-1,0
1523611385900,-1048576,85,-56,-1,-1,0
1523611385900,-917504,85,-56,-1,-1,0
1523611385900,-786432,85,-56,-1,-1,0
1523611385940,-786432,85,-56,-1,-1,0
1523611385940,-458752,85,-56,-1,-1,0
1523611385940,589824,85,-56,-1,-1,0
1523611385940,3670016,85,-56,-1,-1,0
1523611385940,8519680,85,-56,-1,-1,0
1523611385980,10747904,85,-56,-1,-1,0
1523611385980,6750208,85,-56,-1,-1,0
1523611385980,851968,85,-56,-1,-1,0
1523611385980,-1310720,85,-56,-1,-1,0
1523611385980,-851968,85,-56,-1,-1,0
1523611386020,-589824,85,-56,-1,-1,0
1523611386020,-589824,85,-56,-1,-1,0
1523611386020,-655360,85,-56,-1,-1,0
1523611386020,-655360,85,-56,-1,-1,0
1523611386020,-524288,85,-56,-1,-1,0
1523611386060,-458752,85,-56,-1,-1,0
1523611386060,-393216,85,-56,-1,-1,0
1523611386060,-262144,85,-56,-1,-1,0
1523611386060,0,85,-56,-1,-1,0
1523611386060,196608,85,-56,-1,-1,0
1523611386100,262144,85,-56,-1,-1,0
1523611386100,327680,85,-56,-1,-1,0
1523611386100,589824,85,-56,-1,-1,0
1523611386100,851968,85,-56,-1,-1,0
1523611386100,1179648,85,-56,-1,-1,0
1523611386140,1376256,85,-56,-1,-1,0
1523611386140,1638400,85,-56,-1,-1,0
1523611386140,2031616,85,-56,-1,-1,0
1523611386140,2490368,85,-56,-1,-1,0
1523611386140,2818048,85,-56,-1,-1,0
1523611386180,2949120,85,-56,-1,-1,0
1523611386180,3145728,85,-56,-1,-1,0
1523611386180,3211264,85,-56,-1,-1,0
1523611386180,3211264,85,-56,-1,-1,0
1523611386180,3211264,85,-56,-1,-1,0
1523611386222,3080192,85,-56,-1,-1,0
1523611386222,2555904,85,-56,-1,-1,0
1523611386222,1769472,85,-56,-1,-1,0
1523611386222,917504,85,-56,-1,-1,0
1523611386222,327680,85,-56,-1,-1,0
1523611386260,131072,85,-56,-1,-1,0
1523611386260,0,85,-56,-1,-1,0
1523611386260,-262144,85,-56,-1,-1,0
1523611386260,-393216,85,-56,-1,-1,0
1523611386260,-393216,85,-56,-1,-1,0
1523611386299,-393216,85,-56,-1,-1,0
1523611386299,-262144,85,-56,-1,-1,0
1523611386299,65536,85,-56,-1,-1,0
1523611386299,65536,85,-56,-1,-1,0
1523611386299,-65536,85,-56,-1,-1,0
1523611386339,-65536,85,-56,-1,-1,0
1523611386339,-131072,85,-56,-1,-1,0
1523611386339,-262144,85,-56,-1,-1,0
1523611386339,-524288,85,-56,-1,-1,0
1523611386339,-589824,85,-56,-1,-1,0
1523611386380,-393216,85,-56,-1,-1,0
1523611386380,-458752,85,-56,-1,-1,0
1523611386380,-720896,85,-56,-1,-1,0
1523611386380,-720896,85,-56,-1,-1,0
1523611386380,-589824,85,-56,-1,-1,0
1523611386419,-917504,85,-56,-1,-1,0
1523611386419,-1114112,85,-56,-1,-1,0
1523611386419,-1114112,85,-56,-1,-1,0
1523611386419,-1048576,85,-56,-1,-1,0
1523611386419,-1900544,85,-56,-1,-1,0
1523611386459,-2686976,85,-56,-1,-1,0
1523611386459,-2424832,85,-56,-1,-1,0
1523611386459,-1638400,85,-56,-1,-1,0
1523611386459,-1638400,85,-56,-1,-1,0
1523611386459,-1638400,85,-56,-1,-1,0
1523611386499,-1179648,85,-56,-1,-1,0
1523611386499,-1245184,85,-56,-1,-1,0
1523611386499,-1376256,85,-56,-1,-1,0
1523611386499,-1507328,85,-56,-1,-1,0
1523611386499,-1835008,85,-56,-1,-1,0
1523611386540,-2359296,86,-56,-1,-1,0
1523611386540,-2031616,86,-56,-1,-1,0
1523611386540,-1048576,86,-56,-1,-1,0
1523611386540,-983040,86,-56,-1,-1,0
1523611386540,-1900544,86,-56,-1,-1,0
1523611386579,-2359296,86,-56,-1,-1,0
1523611386579,-2359296,86,-56,-1,-1,0
1523611386579,-2097152,86,-56,-1,-1,0
1523611386579,-1507328,86,-56,-1,-1,0
1523611386579,-131072,86,-56,-1,-1,0
1523611386621,3538944,86,-56,-1,-1,0
1523611386621,8650752,86,-56,-1,-1,0
1523611386621,9437184,86,-56,-1,-1,0
1523611386621,4587520,86,-56,-1,-1,0
1523611386621,-524288,86,-56,-1,-1,0
1523611386659,-2097152,86,-56,-1,-1,0
1523611386659,-1769472,86,-56,-1,-1,0
1523611386659,-1245184,86,-56,-1,-1,0
1523611386659,-983040,86,-56,-1,-1,0
1523611386659,-1376256,86,-56,-1,-1,0
1523611386699,-1572864,86,-56,-1,-1,0
1523611386699,-1769472,86,-56,-1,-1,0
1523611386699,-1703936,86,-56,-1,-1,0
1523611386699,-1441792,86,-56,-1,-1,0
1523611386699,-851968,86,-56,-1,-1,0
1523611386739,-393216,86,-56,-1,-1,0
1523611386739,-655360,86,-56,-1,-1,0
1523611386739,-917504,86,-56,-1,-1,0
1523611386739,-720896,86,-56,-1,-1,0
1523611386739,-262144,86,-56,-1,-1,0
1523611386779,-196608,86,-56,-1,-1,0
1523611386779,-196608,86,-56,-1,-1,0
1523611386779,-131072,86,-56,-1,-1,0
1523611386779,65536,86,-56,-1,-1,0
1523611386779,458752,86,-56,-1,-1,0
1523611386819,1114112,86,-56,-1,-1,0
1523611386819,1376256,86,-56,-1,-1,0
1523611386819,1572864,86,-56,-1,-1,0
1523611386819,1769472,86,-56,-1,-1,0
1523611386819,1966080,86,-56,-1,-1,0
1523611386861,2359296,86,-56,-1,-1,0
1523611386861,1966080,86,-56,-1,-1,0
1523611386861,1835008,86,-56,-1,-1,0
1523611386861,1572864,86,-56,-1,-1,0
1523611386861,917504,86,-56,-1,-1,0
1523611386899,0,86,-56,-1,-1,0
1523611386899,-589824,86,-56,-1,-1,0
1523611386899,-720896,86,-56,-1,-1,0
1523611386899,-917504,86,-56,-1,-1,0
1523611386899,-851968,86,-56,-1,-1,0
1523611386939,-1245184,86,-56,-1,-1,0
1523611386939,-1376256,86,-56,-1,-1,0
1523611386939,-983040,86,-56,-1,-1,0
1523611386939,-851968,86,-56,-1,-1,0
1523611386939,-1310720,86,-56,-1,-1,0
1523611386979,-1310720,86,-56,-1,-1,0
1523611386979,-851968,86,-56,-1,-1,0
1523611386979,-851968,86,-56,-1,-1,0
1523611386979,-1376256,86,-56,-1,-1,0
1523611386979,-1376256,86,-56,-1,-1,0
1523611387020,-1114112,86,-56,-1,-1,0
1523611387020,-1048576,86,-56,-1,-1,0
1523611387020,-1048576,86,-56,-1,-1,0
1523611387020,-1245184,86,-56,-1,-1,0
1523611387020,-1245184,86,-56,-1,-1,0
1523611387059,-1114112,86,-56,-1,-1,0
1523611387059,-1310720,86,-56,-1,-1,0
1523611387059,-1310720,86,-56,-1,-1,0
1523611387059,-1638400,86,-56,-1,-1,0
1523611387059,-1638400,86,-56,-1,-1,0
1523611387099,-1900544,86,-56,-1,-1,0
1523611387099,-1572864,86,-56,-1,-1,0
1523611387099,-1376256,86,-56,-1,-1,0
1523611387099,-1245184,86,-56,-1,-1,0
1523611387099,-1638400,86,-56,-1,-1,0
1523611387139,-1114112,88,-56,-1,-1,0
1523611387139,-983040,88,-56,-1,-1,0
1523611387139,-1179648,88,-56,-1,-1,0
1523611387139,-1638400,88,-56,-1,-1,0
1523611387139,-1179648,88,-56,-1,-1,0
1523611387180,-1441792,88,-56,-1,-1,0
1523611387180,-1638400,88,-56,-1,-1,0
1523611387180,-1769472,88,-56,-1,-1,0
1523611387180,-1376256,88,-56,-1,-1,0
1523611387180,-983040,88,-56,-1,-1,0
1523611387219,-851968,88,-56,-1,-1,0
1523611387219,-983040,88,-56,-1,-1,0
1523611387219,-65536,88,-56,-1,-1,0
1523611387219,2490368,88,-56,-1,-1,0
1523611387219,7602176,88,-56,-1,-1,0
1523611387260,11665408,88,-56,-1,-1,0
1523611387260,8912896,88,-56,-1,-1,0
1523611387260,2031616,88,-56,-1,-1,0
1523611387260,-1703936,88,-56,-1,-1,0
1523611387260,-1572864,88,-56,-1,-1,0
1523611387299,-1114112,88,-56,-1,-1,0
1523611387299,-1048576,88,-56,-1,-1,0
1523611387299,-917504,88,-56,-1,-1,0
1523611387299,-1114112,88,-56,-1,-1,0
1523611387299,-1114112,88,-56,-1,-1,0
1523611387340,-1048576,88,-56,-1,-1,0
1523611387340,-786432,88,-56,-1,-1,0
1523611387340,-786432,88,-56,-1,-1,0
1523611387340,-589824,88,-56,-1,-1,0
1523611387340,-458752,88,-56,-1,-1,0
1523611387379,-458752,88,-56,-1,-1,0
1523611387379,-393216,88,-56,-1,-1,0
1523611387379,-196608,88,-56,-1,-1,0
1523611387379,0,88,-56,-1,-1,0
1523611387379,196608,88,-56,-1,-1,0
1523611387420,458752,88,-56,-1,-1,0
1523611387420,720896,88,-56,-1,-1,0
1523611387420,1179648,88,-56,-1,-1,0
1523611387420,1769472,88,-56,-1,-1,0
1523611387420,2293760,88,-56,-1,-1,0
1523611387459,2686976,88,-56,-1,-1,0
1523611387459,3145728,88,-56,-1,-1,0
1523611387459,3538944,88,-56,-1,-1,0
1523611387459,3735552,88,-56,-1,-1,0
1523611387459,3604480,88,-56,-1,-1,0
1523611387501,3276800,88,-56,-1,-1,0
1523611387501,2686976,88,-56,-1,-1,0
1523611387501,1966080,88,-56,-1,-1,0
1523611387501,1114112,88,-56,-1,-1,0
1523611387501,458752,88,-56,-1,-1,0
1523611387539,0,88,-56,-1,-1,0
1523611387539,-262144,88,-56,-1,-1,0
1523611387539,-655360,88,-56,-1,-1,0
1523611387539,-983040,88,-56,-1,-1,0
1523611387539,-1245184,88,-56,-1,-1,0
1523611387580,-1245184,88,-56,-1,-1,0
1523611387580,-1179648,88,-56,-1,-1,0
1523611387580,-983040,88,-56,-1,-1,0
1523611387580,-720896,88,-56,-1,-1,0
1523611387580,-655360,88,-56,-1,-1,0
1523611387619,-589824,88,-56,-1,-1,0
1523611387619,-524288,88,-56,-1,-1,0
1523611387619,-393216,88,-56,-1,-1,0
1523611387619,-327680,88,-56,-1,-1,0
1523611387619,-262144,88,-56,-1,-1,0
1523611387660,-262144,88,-56,-1,-1,0
1523611387660,-458752,88,-56,-1,-1,0
1523611387660,-589824,88,-56,-1,-1,0
1523611387660,-524288,88,-56,-1,-1,0
1523611387660,-458752,88,-56,-1,-1,0
1523611387699,-524288,88,-56,-1,-1,0
1523611387699,-524288,88,-56,-1,-1,0
1523611387699,-458752,88,-56,-1,-1,0
1523611387699,-458752,88,-56,-1,-1,0
1523611387699,-458752,88,-56,-1,-1,0
1523611387740,-524288,90,-56,-1,-1,0
1523611387740,-655360,90,-56,-1,-1,0
1523611387740,-655360,90,-56,-1,-1,0
1523611387740,-720896,90,-56,-1,-1,0
1523611387740,-786432,90,-56,-1,-1,0
1523611387779,-786432,90,-56,-1,-1,0
1523611387779,-720896,90,-56,-1,-1,0
1523611387779,-720896,90,-56,-1,-1,0
1523611387779,-524288,90,-56,-1,-1,0
1523611387779,-458752,90,-56,-1,-1,0
1523611387820,-786432,90,-56,-1,-1,0
1523611387820,-983040,90,-56,-1,-1,0
1523611387820,-917504,90,-56,-1,-1,0
1523611387820,-196608,90,-56,-1,-1,0
1523611387820,2031616,90,-56,-1,-1,0
1523611387859,6553600,90,-56,-1,-1,0
1523611387859,11141120,90,-56,-1,-1,0
1523611387859,10354688,90,-56,-1,-1,0
1523611387859,4128768,90,-56,-1,-1,0
1523611387859,-917504,90,-56,-1,-1,0
1523611387899,-1703936,90,-56,-1,-1,0
1523611387899,-983040,90,-56,-1,-1,0
1523611387899,-851968,90,-56,-1,-1,0
1523611387899,-851968,90,-56,-1,-1,0
1523611387899,-851968,90,-56,-1,-1,0
1523611387939,-720896,90,-56,-1,-1,0
1523611387939,-720896,90,-56,-1,-1,0
1523611387939,-655360,90,-56,-1,-1,0
1523611387939,-458752,90,-56,-1,-1,0
1523611387939,-458752,90,-56,-1,-1,0
1523611387979,-458752,90,-56,-1,-1,0
1523611387979,-1048576,90,-56,-1,-1,0
1523611387979,-1245184,90,-56,-1,-1,0
1523611387979,-720896,90,-56,-1,-1,0
1523611387979,196608,90,-56,-1,-1,0
1523611388019,655360,90,-56,-1,-1,0
1523611388019,917504,90,-56,-1,-1,0
1523611388019,786432,90,-56,-1,-1,0
1523611388019,458752,90,-56,-1,-1,0
1523611388019,524288,90,-56,-1,-1,0
1523611388060,917504,90,-56,-1,-1,0
1523611388060,1769472,90,-56,-1,-1,0
1523611388060,2031616,90,-56,-1,-1,0
1523611388060,2293760,90,-56,-1,-1,0
1523611388060,2162688,90,-56,-1,-1,0
1523611388099,2228224,90,-56,-1,-1,0
1523611388099,1966080,90,-56,-1,-1,0
1523611388099,1507328,90,-56,-1,-1,0
1523611388099,1245184,90,-56,-1,-1,0
1523611388099,655360,90,-56,-1,-1,0
1523611388141,0,90,-56,-1,-1,0
1523611388141,-393216,90,-56,-1,-1,0
1523611388141,-262144,90,-56,-1,-1,0
1523611388141,-458752,90,-56,-1,-1,0
1523611388141,-589824,90,-56,-1,-1,0
1523611388179,-786432,90,-56,-1,-1,0
1523611388179,-1245184,90,-56,-1,-1,0
1523611388179,-1507328,90,-56,-1,-1,0
1523611388179,-786432,90,-56,-1,-1,0
1523611388179,-458752,90,-56,-1,-1,0
1523611388220,-1114112,90,-56,-1,-1,0
1523611388220,-1441792,90,-56,-1,-1,0
1523611388220,-1048576,90,-56,-1,-1,0
1523611388220,-786432,90,-56,-1,-1,0
1523611388220,-851968,90,-56,-1,-1,0
1523611388259,-1179648,90,-56,-1,-1,0
1523611388259,-1179648,90,-56,-1,-1,0
1523611388259,-1441792,90,-56,-1,-1,0
1523611388259,-1376256,90,-56,-1,-1,0
1523611388259,-1048576,90,-56,-1,-1,0
1523611388300,-917504,90,-56,-1,-1,0
1523611388300,-1179648,90,-56,-1,-1,0
1523611388300,-1310720,90,-56,-1,-1,0
1523611388300,-1114112,90,-56,-1,-1,0
1523611388300,-1310720,90,-56,-1,-1,0
1523611388339,-1507328,90,-56,-1,-1,0
1523611388339,-1376256,90,-56,-1,-1,0
1523611388339,-1048576,90,-56,-1,-1,0
1523611388339,-786432,90,-56,-1,-1,0
1523611388339,-917504,90,-56,-1,-1,0
1523611388380,-1441792,90,-56,-1,-1,0
1523611388380,-1703936,90,-56,-1,-1,0
1523611388380,-1572864,90,-56,-1,-1,0
1523611388380,-917504,90,-56,-1,-1,0
1523611388380,-720896,90,-56,-1,-1,0
1523611388419,-1179648,90,-56,-1,-1,0
1523611388419,-1441792,90,-56,-1,-1,0
1523611388419,-1572864,90,-56,-1,-1,0
1523611388419,-1048576,90,-56,-1,-1,0
1523611388419,458752,90,-56,-1,-1,0
1523611388460,3801088,90,-56,-1,-1,0
1523611388460,8257536,90,-56,-1,-1,0
1523611388460,10158080,90,-56,-1,-1,0
1523611388460,6225920,90,-56,-1,-1,0
1523611388460,131072,90,-56,-1,-1,0
1523611388499,-2031616,90,-56,-1,-1,0
1523611388499,-1310720,90,-56,-1,-1,0
1523611388499,-720896,90,-56,-1,-1,0
1523611388499,-917504,90,-56,-1,-1,0
1523611388499,-720896,90,-56,-1,-1,0
1523611388540,-720896,90,-56,-1,-1,0
1523611388540,-917504,90,-56,-1,-1,0
1523611388540,-851968,90,-56,-1,-1,0
1523611388540,-983040,90,-56,-1,-1,0
1523611388540,-1114112,90,-56,-1,-1,0
1523611388579,-1310720,90,-56,-1,-1,0
1523611388579,-1441792,90,-56,-1,-1,0
1523611388579,-1114112,90,-56,-1,-1,0
1523611388579,-393216,90,-56,-1,-1,0
1523611388579,-65536,90,-56,-1,-1,0
1523611388619,-196608,90,-56,-1,-1,0
1523611388619,-720896,90,-56,-1,-1,0
1523611388619,-393216,90,-56,-1,-1,0
1523611388619,720896,90,-56,-1,-1,0
1523611388619,851968,90,-56,-1,-1,0
1523611388659,851968,90,-56,-1,-1,0
1523611388659,1179648,90,-56,-1,-1,0
1523611388659,1638400,90,-56,-1,-1,0
1523611388659,2293760,90,-56,-1,-1,0
1523611388659,3080192,90,-56,-1,-1,0
1523611388699,2949120,90,-56,-1,-1,0
1523611388699,2359296,90,-56,-1,-1,0
1523611388699,1703936,90,-56,-1,-1,0
1523611388699,1245184,90,-56,-1,-1,0
1523611388699,524288,90,-56,-1,-1,0
1523611388739,-262144,90,-56,-1,-1,0
1523611388739,-720896,90,-56,-1,-1,0
1523611388739,-983040,90,-56,-1,-1,0
1523611388739,-1114112,90,-56,-1,-1,0
1523611388739,-1572864,90,-56,-1,-1,0
1523611388781,-1900544,90,-56,-1,-1,0
1523611388781,-1966080,90,-56,-1,-1,0
1523611388781,-1769472,90,-56,-1,-1,0
1523611388781,-1900544,90,-56,-1,-1,0
1523611388781,-1900544,90,-56,-1,-1,0
1523611388819,-1966080,90,-56,-1,-1,0
1523611388819,-2031616,90,-56,-1,-1,0
1523611388819,-2293760,90,-56,-1,-1,0
1523611388819,-2424832,90,-56,-1,-1,0
1523611388819,-2293760,90,-56,-1,-1,0
1523611388859,-2293760,90,-56,-1,-1,0
1523611388859,-2228224,90,-56,-1,-1,0
1523611388859,-2228224,90,-56,-1,-1,0
1523611388859,-2293760,90,-56,-1,-1,0
1523611388859,-2424832,90,-56,-1,-1,0
1523611388899,-2424832,90,-56,-1,-1,0
1523611388899,-2359296,90,-56,-1,-1,0
1523611388899,-2293760,90,-56,-1,-1,0
1523611388899,-2097152,90,-56,-1,-1,0
1523611388899,-1835008,90,-56,-1,-1,0
1523611388939,-1638400,90,-56,-1,-1,0
1523611388939,-1507328,90,-56,-1,-1,0
1523611388939,-1507328,90,-56,-1,-1,0
1523611388939,-1638400,90,-56,-1,-1,0
1523611388939,-1572864,90,-56,-1,-1,0
1523611388979,-1507328,91,-56,-1,-1,0
1523611388979,-1245184,91,-56,-1,-1,0
1523611388979,-1310720,91,-56,-1,-1,0
1523611388979,-1114112,91,-56,-1,-1,0
1523611388979,-1048576,91,-56,-1,-1,0
1523611389019,-1048576,91,-56,-1,-1,0
1523611389019,-1114112,91,-56,-1,-1,0
1523611389019,-1114112,91,-56,-1,-1,0
1523611389019,-917504,91,-56,-1,-1,0
1523611389019,0,91,-56,-1,-1,0
1523611389059,2883584,91,-56,-1,-1,0
1523611389059,7929856,91,-56,-1,-1,0
1523611389059,10616832,91,-56,-1,-1,0
1523611389059,6881280,91,-56,-1,-1,0
1523611389059,655360,91,-56,-1,-1,0
1523611389099,-2031616,91,-56,-1,-1,0
1523611389099,-1572864,91,-56,-1,-1,0
1523611389099,-1114112,91,-56,-1,-1,0
1523611389099,-983040,91,-56,-1,-1,0
1523611389099,-851968,91,-56,-1,-1,0
1523611389139,-720896,91,-56,-1,-1,0
1523611389139,-458752,91,-56,-1,-1,0
1523611389139,-327680,91,-56,-1,-1,0
1523611389139,-131072,91,-56,-1,-1,0
1523611389139,131072,91,-56,-1,-1,0
1523611389179,327680,91,-56,-1,-1,0
1523611389179,262144,91,-56,-1,-1,0
1523611389179,196608,91,-56,-1,-1,0
1523611389179,262144,91,-56,-1,-1,0
1523611389179,524288,91,-56,-1,-1,0
1523611389219,851968,91,-56,-1,-1,0
1523611389219,1114112,91,-56,-1,-1,0
1523611389219,1310720,91,-56,-1,-1,0
1523611389219,1638400,91,-56,-1,-1,0
1523611389219,1966080,91,-56,-1,-1,0
1523611389259,2359296,91,-56,-1,-1,0
1523611389259,2686976,91,-56,-1,-1,0
1523611389259,2949120,91,-56,-1,-1,0
1523611389259,3145728,91,-56,-1,-1,0
1523611389259,3276800,91,-56,-1,-1,0
1523611389299,3276800,91,-56,-1,-1,0
1523611389299,3276800,91,-56,-1,-1,0
1523611389299,3080192,91,-56,-1,-1,0
1523611389299,2555904,91,-56,-1,-1,0
1523611389299,2031616,91,-56,-1,-1,0
1523611389339,1507328,91,-56,-1,-1,0
1523611389339,983040,91,-56,-1,-1,0
1523611389339,393216,91,-56,-1,-1,0
1523611389339,65536,91,-56,-1,-1,0
1523611389339,0,91,-56,-1,-1,0
1523611389379,196608,91,-56,-1,-1,0
1523611389379,393216,91,-56,-1,-1,0
1523611389379,393216,91,-56,-1,-1,0
1523611389379,327680,91,-56,-1,-1,0
1523611389379,0,91,-56,-1,-1,0
1523611389421,0,91,-56,-1,-1,0
1523611389421,131072,91,-56,-1,-1,0
1523611389421,0,91,-56,-1,-1,0
1523611389421,-327680,91,-56,-1,-1,0
1523611389421,-655360,91,-56,-1,-1,0
1523611389459,-655360,91,-56,-1,-1,0
1523611389459,-589824,91,-56,-1,-1,0
1523611389459,-458752,91,-56,-1,-1,0
1523611389459,-655360,91,-56,-1,-1,0
1523611389459,-589824,91,-56,-1,-1,0
1523611389499,-655360,91,-56,-1,-1,0
1523611389499,-720896,91,-56,-1,-1,0
1523611389499,-1376256,91,-56,-1,-1,0
1523611389499,-1703936,91,-56,-1,-1,0
1523611389499,-1441792,91,-56,-1,-1,0
1523611389539,-851968,91,-56,-1,-1,0
1523611389539,-720896,91,-56,-1,-1,0
1523611389539,-851968,91,-56,-1,-1,0
1523611389539,-720896,91,-56,-1,-1,0
1523611389539,-917504,91,-56,-1,-1,0
1523611389579,-917504,91,-56,-1,-1,0
1523611389579,-524288,91,-56,-1,-1,0
1523611389579,-524288,91,-56,-1,-1,0
1523611389579,-786432,91,-56,-1,-1,0
1523611389579,-1310720,91,-56,-1,-1,0
1523611389619,-1703936,92,-56,-1,-1,0
1523611389619,-1703936,92,-56,-1,-1,0
1523611389619,-1114112,92,-56,-1,-1,0
1523611389619,-524288,92,-56,-1,-1,0
1523611389619,-458752,92,-56,-1,-1,0
1523611389659,-917504,92,-56,-1,-1,0
1523611389659,-1507328,92,-56,-1,-1,0
1523611389659,-1310720,92,-56,-1,-1,0
1523611389659,-589824,92,-56,-1,-1,0
1523611389659,65536,92,-56,-1,-1,0
1523611389699,1507328,92,-56,-1,-1,0
1523611389699,4915200,92,-56,-1,-1,0
1523611389699,8912896,92,-56,-1,-1,0
1523611389699,7929856,92,-56,-1,-1,0
1523611389699,2031616,92,-56,-1,-1,0
1523611389739,-1638400,92,-56,-1,-1,0
1523611389739,-1376256,92,-56,-1,-1,0
1523611389739,-983040,92,-56,-1,-1,0
1523611389739,-1114112,92,-56,-1,-1,0
1523611389739,-720896,92,-56,-1,-1,0
1523611389779,-720896,92,-56,-1,-1,0
1523611389779,-1179648,92,-56,-1,-1,0
1523611389779,-1441792,92,-56,-1,-1,0
1523611389779,-1114112,92,-56,-1,-1,0
1523611389779,-655360,92,-56,-1,-1,0
1523611389819,-655360,92,-56,-1,-1,0
1523611389819,-1048576,92,-56,-1,-1,0
1523611389819,-786432,92,-56,-1,-1,0
1523611389819,0,92,-56,-1,-1,0
1523611389819,-327680,92,-56,-1,-1,0
1523611389859,-655360,92,-56,-1,-1,0
1523611389859,-393216,92,-56,-1,-1,0
1523611389859,327680,92,-56,-1,-1,0
1523611389859,851968,92,-56,-1,-1,0
1523611389859,1376256,92,-56,-1,-1,0
1523611389899,1703936,92,-56,-1,-1,0
1523611389899,1769472,92,-56,-1,-1,0
1523611389899,1638400,92,-56,-1,-1,0
1523611389899,1703936,92,-56,-1,-1,0
1523611389899,1900544,92,-56,-1,-1,0
1523611389939,2293760,92,-56,-1,-1,0
1523611389939,2686976,92,-56,-1,-1,0
1523611389939,2293760,92,-56,-1,-1,0
1523611389939,1835008,92,-56,-1,-1,0
1523611389939,1507328,92,-56,-1,-1,0
1523611389979,458752,92,-56,-1,-1,0
1523611389979,-589824,92,-56,-1,-1,0
1523611389979,-655360,92,-56,-1,-1,0
1523611389979,-524288,92,-56,-1,-1,0
1523611389979,-917504,92,-56,-1,-1,0
1523611390019,-1179648,92,-56,-1,-1,0
1523611390019,-1048576,92,-56,-1,-1,0
1523611390019,-589824,92,-56,-1,-1,0
1523611390019,-983040,92,-56,-1,-1,0
1523611390019,-1441792,92,-56,-1,-1,0
1523611390061,-1245184,92,-56,-1,-1,0
1523611390061,-393216,92,-56,-1,-1,0
1523611390061,-851968,92,-56,-1,-1,0
1523611390061,-1638400,92,-56,-1,-1,0
1523611390061,-2031616,92,-56,-1,-1,0
1523611390099,-1114112,92,-56,-1,-1,0
1523611390099,-1048576,92,-56,-1,-1,0
1523611390099,-1572864,92,-56,-1,-1,0
1523611390099,-1966080,92,-56,-1,-1,0
1523611390099,-1769472,92,-56,-1,-1,0
1523611390139,-1310720,92,-56,-1,-1,0
1523611390139,-1114112,92,-56,-1,-1,0
1523611390139,-1179648,92,-56,-1,-1,0
1523611390139,-1376256,92,-56,-1,-1,0
1523611390139,-1048576,92,-56,-1,-1,0
1523611390179,-1048576,92,-56,-1,-1,0
1523611390179,-1441792,92,-56,-1,-1,0
1523611390179,-1441792,92,-56,-1,-1,0
1523611390179,-1376256,92,-56,-1,-1,0
1523611390179,-1114112,92,-56,-1,-1,0
1523611390219,-1179648,92,-56,-1,-1,0
1523611390219,-1114112,92,-56,-1,-1,0
1523611390219,-983040,92,-56,-1,-1,0
1523611390219,-1310720,92,-56,-1,-1,0
1523611390219,-1507328,92,-56,-1,-1,0
1523611390259,-1572864,93,-56,-1,-1,0
1523611390259,-1572864,93,-56,-1,-1,0
1523611390259,-1703936,93,-56,-1,-1,0
1523611390259,-1769472,93,-56,-1,-1,0
1523611390259,-1572864,93,-56,-1,-1,0
1523611390299,-1703936,93,-56,-1,-1,0
1523611390299,-1769472,93,-56,-1,-1,0
1523611390299,-1835008,93,-56,-1,-1,0
1523611390299,-917504,93,-56,-1,-1,0
1523611390299,2031616,93,-56,-1,-1,0
1523611390340,7208960,93,-56,-1,-1,0
1523611390340,10616832,93,-56,-1,-1,0
1523611390340,7143424,93,-56,-1,-1,0
1523611390340,327680,93,-56,-1,-1,0
1523611390340,-2883584,93,-56,-1,-1,0
1523611390379,-2555904,93,-56,-1,-1,0
1523611390379,-2031616,93,-56,-1,-1,0
1523611390379,-1900544,93,-56,-1,-1,0
1523611390379,-1703936,93,-56,-1,-1,0
1523611390379,-1572864,93,-56,-1,-1,0
1523611390419,-1441792,93,-56,-1,-1,0
1523611390419,-1310720,93,-56,-1,-1,0
1523611390419,-1114112,93,-56,-1,-1,0
1523611390419,-983040,93,-56,-1,-1,0
1523611390419,-851968,93,-56,-1,-1,0
1523611390460,-655360,93,-56,-1,-1,0
1523611390460,-458752,93,-56,-1,-1,0
1523611390460,-262144,93,-56,-1,-1,0
1523611390460,0,93,-56,-1,-1,0
1523611390460,262144,93,-56,-1,-1,0
1523611390499,524288,93,-56,-1,-1,0
1523611390499,786432,93,-56,-1,-1,0
1523611390499,1179648,93,-56,-1,-1,0
1523611390499,1703936,93,-56,-1,-1,0
1523611390499,2228224,93,-56,-1,-1,0
1523611390539,2686976,93,-56,-1,-1,0
1523611390539,2949120,93,-56,-1,-1,0
1523611390539,3342336,93,-56,-1,-1,0
1523611390539,3735552,93,-56,-1,-1,0
1523611390539,3866624,93,-56,-1,-1,0
1523611390579,3604480,93,-56,-1,-1,0
1523611390579,3145728,93,-56,-1,-1,0
1523611390579,2490368,93,-56,-1,-1,0
1523611390579,1638400,93,-56,-1,-1,0
1523611390579,655360,93,-56,-1,-1,0
1523611390620,65536,93,-56,-1,-1,0
1523611390620,-65536,93,-56,-1,-1,0
1523611390620,-65536,93,-56,-1,-1,0
1523611390620,-196608,93,-56,-1,-1,0
1523611390620,-262144,93,-56,-1,-1,0
1523611390659,-196608,93,-56,-1,-1,0
1523611390659,-196608,93,-56,-1,-1,0
1523611390659,-196608,93,-56,-1,-1,0
1523611390659,-131072,93,-56,-1,-1,0
1523611390659,-65536,93,-56,-1,-1,0
1523611390701,-131072,93,-56,-1,-1,0
1523611390701,-65536,93,-56,-1,-1,0
1523611390701,-65536,93,-56,-1,-1,0
1523611390701,-131072,93,-56,-1,-1,0
1523611390701,-131072,93,-56,-1,-1,0
1523611390739,0,93,-56,-1,-1,0
1523611390739,0,93,-56,-1,-1,0
1523611390739,-131072,93,-56,-1,-1,0
1523611390739,-393216,93,-56,-1,-1,0
1523611390739,-458752,93,-56,-1,-1,0
1523611390779,-327680,93,-56,-1,-1,0
1523611390779,-196608,93,-56,-1,-1,0
1523611390779,-196608,93,-56,-1,-1,0
1523611390779,-393216,93,-56,-1,-1,0
1523611390779,-458752,93,-56,-1,-1,0
1523611390819,-524288,93,-56,-1,-1,0
1523611390819,-655360,93,-56,-1,-1,0
1523611390819,-720896,93,-56,-1,-1,0
1523611390819,-524288,93,-56,-1,-1,0
1523611390819,-196608,93,-56,-1,-1,0
1523611390859,-131072,93,-56,-1,-1,0
1523611390859,-196608,93,-56,-1,-1,0
1523611390859,-262144,93,-56,-1,-1,0
1523611390859,-262144,93,-56,-1,-1,0
1523611390859,-262144,93,-56,-1,-1,0
1523611390899,-327680,93,-56,-1,-1,0
1523611390899,-393216,93,-56,-1,-1,0
1523611390899,-393216,93,-56,-1,-1,0
1523611390899,-589824,93,-56,-1,-1,0
1523611390899,-524288,93,-56,-1,-1,0
1523611390940,-458752,93,-56,-1,-1,0
1523611390940,-524288,93,-56,-1,-1,0
1523611390940,-524288,93,-56,-1,-1,0
1523611390940,-589824,93,-56,-1,-1,0
1523611390940,-327680,93,-56,-1,-1,0
1523611390981,1507328,93,-56,-1,-1,0
1523611390981,5570560,93,-56,-1,-1,0
1523611390981,10158080,93,-56,-1,-1,0
1523611390981,9895936,93,-56,-1,-1,0
1523611390981,4259840,93,-56,-1,-1,0
1523611391020,-720896,93,-56,-1,-1,0
1523611391020,-1769472,93,-56,-1,-1,0
1523611391020,-1310720,93,-56,-1,-1,0
1523611391020,-983040,93,-56,-1,-1,0
1523611391020,-1310720,93,-56,-1,-1,0
1523611391059,-1638400,93,-56,-1,-1,0
1523611391059,-1114112,93,-56,-1,-1,0
1523611391059,-786432,93,-56,-1,-1,0
1523611391059,-917504,93,-56,-1,-1,0
1523611391059,-1114112,93,-56,-1,-1,0
1523611391100,-655360,93,-56,-1,-1,0
1523611391100,-196608,93,-56,-1,-1,0
1523611391100,-393216,93,-56,-1,-1,0
1523611391100,-393216,93,-56,-1,-1,0
1523611391100,-393216,93,-56,-1,-1,0
1523611391139,0,93,-56,-1,-1,0
1523611391139,131072,93,-56,-1,-1,0
1523611391139,327680,93,-56,-1,-1,0
1523611391139,524288,93,-56,-1,-1,0
1523611391139,917504,93,-56,-1,-1,0
1523611391180,1179648,93,-56,-1,-1,0
1523611391180,1376256,93,-56,-1,-1,0
1523611391180,1638400,93,-56,-1,-1,0
1523611391180,1638400,93,-56,-1,-1,0
1523611391180,1835008,93,-56,-1,-1,0
1523611391219,2162688,93,-56,-1,-1,0
1523611391219,2031616,93,-56,-1,-1,0
1523611391219,1966080,93,-56,-1,-1,0
1523611391219,1966080,93,-56,-1,-1,0
1523611391219,1310720,93,-56,-1,-1,0
1523611391260,393216,93,-56,-1,-1,0
1523611391260,-196608,93,-56,-1,-1,0
1523611391260,-720896,93,-56,-1,-1,0
1523611391260,-1114112,93,-56,-1,-1,0
1523611391260,-1114112,93,-56,-1,-1,0
1523611391299,-917504,93,-56,-1,-1,0
1523611391299,-983040,93,-56,-1,-1,0
1523611391299,-983040,93,-56,-1,-1,0
1523611391299,-1048576,93,-56,-1,-1,0
1523611391299,-1114112,93,-56,-1,-1,0
1523611391341,-1310720,93,-56,-1,-1,0
1523611391341,-1376256,93,-56,-1,-1,0
1523611391341,-1245184,93,-56,-1,-1,0
1523611391341,-1376256,93,-56,-1,-1,0
1523611391341,-1179648,93,-56,-1,-1,0
1523611391379,-1114112,93,-56,-1,-1,0
1523611391379,-983040,93,-56,-1,-1,0
1523611391379,-1245184,93,-56,-1,-1,0
1523611391379,-1179648,93,-56,-1,-1,0
1523611391379,-1441792,93,-56,-1,-1,0
1523611391420,-1507328,93,-56,-1,-1,0
1523611391420,-1245184,93,-56,-1,-1,0
1523611391420,-1048576,93,-56,-1,-1,0
1523611391420,-1114112,93,-56,-1,-1,0
1523611391420,-1376256,93,-56,-1,-1,0
1523611391459,-1441792,93,-56,-1,-1,0
1523611391459,-1310720,93,-56,-1,-1,0
1523611391459,-1310720,93,-56,-1,-1,0
1523611391459,-1376256,93,-56,-1,-1,0
1523611391459,-1441792,93,-56,-1,-1,0
1523611391499,-1507328,93,-56,-1,-1,0
1523611391499,-1376256,93,-56,-1,-1,0
1523611391499,-983040,93,-56,-1,-1,0
1523611391499,-720896,93,-56,-1,-1,0
1523611391499,-1114112,93,-56,-1,-1,0
1523611391539,-1245184,93,-56,-1,-1,0
1523611391539,-1179648,93,-56,-1,-1,0
1523611391539,-1376256,93,-56,-1,-1,0
1523611391539,-1245184,93,-56,-1,-1,0
1523611391539,-1441792,93,-56,-1,-1,0
1523611391580,-1638400,93,-56,-1,-1,0
1523611391580,-1441792,93,-56,-1,-1,0
1523611391580,-1179648,93,-56,-1,-1,0
1523611391580,-1507328,93,-56,-1,-1,0
1523611391580,-1441792,93,-56,-1,-1,0
1523611391619,-393216,93,-56,-1,-1,0
1523611391619,2621440,93,-56,-1,-1,0
1523611391619,7536640,93,-56,-1,-1,0
1523611391619,10551296,93,-56,-1,-1,0
1523611391619,7274496,93,-56,-1,-1,0
1523611391660,720896,93,-56,-1,-1,0
1523611391660,-2162688,93,-56,-1,-1,0
1523611391660,-2031616,93,-56,-1,-1,0
1523611391660,-1638400,93,-56,-1,-1,0
1523611391660,-1048576,93,-56,-1,-1,0
1523611391699,-458752,93,-56,-1,-1,0
1523611391699,-458752,93,-56,-1,-1,0
1523611391699,-720896,93,-56,-1,-1,0
1523611391699,-917504,93,-56,-1,-1,0
1523611391699,-1114112,93,-56,-1,-1,0
1523611391740,-589824,93,-56,-1,-1,0
1523611391740,-458752,93,-56,-1,-1,0
1523611391740,-393216,93,-56,-1,-1,0
1523611391740,131072,93,-56,-1,-1,0
1523611391740,262144,93,-56,-1,-1,0
1523611391779,65536,93,-56,-1,-1,0
1523611391779,262144,93,-56,-1,-1,0
1523611391779,720896,93,-56,-1,-1,0
1523611391779,655360,93,-56,-1,-1,0
1523611391779,720896,93,-56,-1,-1,0
1523611391820,1310720,93,-56,-1,-1,0
1523611391820,1572864,93,-56,-1,-1,0
1523611391820,1835008,93,-56,-1,-1,0
1523611391820,2162688,93,-56,-1,-1,0
1523611391820,2490368,93,-56,-1,-1,0
1523611391859,2686976,93,-56,-1,-1,0
1523611391859,2752512,93,-56,-1,-1,0
1523611391859,2555904,93,-56,-1,-1,0
1523611391859,2097152,93,-56,-1,-1,0
1523611391859,1310720,93,-56,-1,-1,0
1523611391900,393216,93,-56,-1,-1,0
1523611391900,-327680,93,-56,-1,-1,0
1523611391900,-917504,93,-56,-1,-1,0
1523611391900,-1245184,93,-56,-1,-1,0
1523611391900,-1441792,93,-56,-1,-1,0
1523611391939,-1507328,93,-56,-1,-1,0
1523611391939,-1507328,93,-56,-1,-1,0
1523611391939,-1376256,93,-56,-1,-1,0
1523611391939,-1310720,93,-56,-1,-1,0
1523611391939,-1114112,93,-56,-1,-1,0
1523611391981,-1048576,93,-56,-1,-1,0
1523611391981,-917504,93,-56,-1,-1,0
1523611391981,-786432,93,-56,-1,-1,0
1523611391981,-524288,93,-56,-1,-1,0
1523611391981,-327680,93,-56,-1,-1,0
1523611392019,-65536,93,-56,-1,-1,0
1523611392019,196608,93,-56,-1,-1,0
1523611392019,393216,93,-56,-1,-1,0
1523611392019,262144,93,-56,-1,-1,0
1523611392019,196608,93,-56,-1,-1,0
1523611392060,262144,93,-56,-1,-1,0
1523611392060,131072,93,-56,-1,-1,0
1523611392060,-131072,93,-56,-1,-1,0
1523611392060,-393216,93,-56,-1,-1,0
1523611392060,-524288,93,-56,-1,-1,0
1523611392099,-851968,93,-56,-1,-1,0
1523611392099,-983040,93,-56,-1,-1,0
1523611392099,-983040,93,-56,-1,-1,0
1523611392099,-851968,93,-56,-1,-1,0
1523611392099,-589824,93,-56,-1,-1,0
1523611392140,-131072,93,-56,-1,-1,0
1523611392140,65536,93,-56,-1,-1,0
1523611392140,0,93,-56,-1,-1,0
1523611392140,-131072,93,-56,-1,-1,0
1523611392140,-393216,93,-56,-1,-1,0
1523611392180,-524288,93,-56,-1,-1,0
1523611392180,-589824,93,-56,-1,-1,0
1523611392180,-786432,93,-56,-1,-1,0
1523611392180,-983040,93,-56,-1,-1,0
1523611392180,-983040,93,-56,-1,-1,0
1523611392220,-851968,93,-56,-1,-1,0
1523611392220,-851968,93,-56,-1,-1,0
1523611392220,-917504,93,-56,-1,-1,0
1523611392220,-655360,93,-56,-1,-1,0
1523611392220,917504,93,-56,-1,-1,0
1523611392259,4915200,93,-56,-1,-1,0
1523611392259,10223616,93,-56,-1,-1,0
1523611392259,10813440,93,-56,-1,-1,0
1523611392259,4980736,93,-56,-1,-1,0
1523611392259,-720896,93,-56,-1,-1,0
1523611392300,-1703936,93,-56,-1,-1,0
1523611392300,-851968,93,-56,-1,-1,0
1523611392300,-655360,93,-56,-1,-1,0
1523611392300,-786432,93,-56,-1,-1,0
1523611392300,-786432,93,-56,-1,-1,0
1523611392339,-720896,93,-56,-1,-1,0
1523611392339,-720896,93,-56,-1,-1,0
1523611392339,-589824,93,-56,-1,-1,0
1523611392339,-458752,93,-56,-1,-1,0
1523611392339,-655360,93,-56,-1,-1,0
1523611392380,-786432,93,-56,-1,-1,0
1523611392380,-458752,93,-56,-1,-1,0
1523611392380,0,93,-56,-1,-1,0
1523611392380,65536,93,-56,-1,-1,0
1523611392380,0,93,-56,-1,-1,0
1523611392419,-262144,93,-56,-1,-1,0
1523611392419,131072,93,-56,-1,-1,0
1523611392419,720896,93,-56,-1,-1,0
1523611392419,1179648,93,-56,-1,-1,0
1523611392419,1441792,93,-56,-1,-1,0
1523611392460,1245184,93,-56,-1,-1,0
1523611392460,720896,93,-56,-1,-1,0
1523611392460,1507328,93,-56,-1,-1,0
1523611392460,2686976,93,-56,-1,-1,0
1523611392460,2555904,93,-56,-1,-1,0
1523611392500,1638400,93,-56,-1,-1,0
1523611392500,1376256,93,-56,-1,-1,0
1523611392500,1507328,93,-56,-1,-1,0
1523611392500,1114112,93,-56,-1,-1,0
1523611392500,458752,93,-56,-1,-1,0
1523611392540,-458752,93,-56,-1,-1,0
1523611392540,-983040,93,-56,-1,-1,0
1523611392540,-851968,93,-56,-1,-1,0
1523611392540,-1245184,93,-56,-1,-1,0
1523611392540,-1638400,93,-56,-1,-1,0
1523611392580,-1638400,93,-56,-1,-1,0
1523611392580,-1638400,93,-56,-1,-1,0
1523611392580,-1572864,93,-56,-1,-1,0
1523611392580,-1507328,93,-56,-1,-1,0
1523611392580,-1376256,93,-56,-1,-1,0
1523611392621,-1376256,93,-56,-1,-1,0
1523611392621,-983040,93,-56,-1,-1,0
1523611392621,-1114112,93,-56,-1,-1,0
1523611392621,-1507328,93,-56,-1,-1,0
1523611392621,-1572864,93,-56,-1,-1,0
1523611392660,-1245184,93,-56,-1,-1,0
1523611392660,-1310720,93,-56,-1,-1,0
1523611392660,-1703936,93,-56,-1,-1,0
1523611392660,-2097152,93,-56,-1,-1,0
1523611392660,-2031616,93,-56,-1,-1,0
1523611392700,-1572864,93,-56,-1,-1,0
1523611392700,-1441792,93,-56,-1,-1,0
1523611392700,-1703936,93,-56,-1,-1,0
1523611392700,-1835008,93,-56,-1,-1,0
1523611392700,-1769472,93,-56,-1,-1,0
1523611392739,-1638400,93,-56,-1,-1,0
1523611392739,-1966080,93,-56,-1,-1,0
1523611392739,-1966080,93,-56,-1,-1,0
1523611392739,-1638400,93,-56,-1,-1,0
1523611392739,-1769472,93,-56,-1,-1,0
1523611392780,-2031616,93,-56,-1,-1,0
1523611392780,-1572864,93,-56,-1,-1,0
1523611392780,-1441792,93,-56,-1,-1,0
1523611392780,-1769472,93,-56,-1,-1,0
1523611392780,-1376256,93,-56,-1,-1,0
1523611392819,-1245184,93,-56,-1,-1,0
1523611392819,-1245184,93,-56,-1,-1,0
1523611392819,-1638400,93,-56,-1,-1,0
1523611392819,-1835008,93,-56,-1,-1,0
1523611392819,-1703936,93,-56,-1,-1,0
1523611392860,-1245184,93,-56,-1,-1,0
1523611392860,-1245184,93,-56,-1,-1,0
1523611392860,-1310720,93,-56,-1,-1,0
1523611392860,-1048576,93,-56,-1,-1,0
1523611392860,-786432,93,-56,-1,-1,0
1523611392900,524288,93,-56,-1,-1,0
1523611392900,3670016,93,-56,-1,-1,0
1523611392900,8847360,93,-56,-1,-1,0
1523611392900,10420224,93,-56,-1,-1,0
1523611392900,5963776,93,-56,-1,-1,0
1523611392940,262144,93,-56,-1,-1,0
1523611392940,-1572864,93,-56,-1,-1,0
1523611392940,-1179648,93,-56,-1,-1,0
1523611392940,-1048576,93,-56,-1,-1,0
1523611392940,-1310720,93,-56,-1,-1,0
1523611392980,-1048576,93,-56,-1,-1,0
1523611392980,-720896,93,-56,-1,-1,0
1523611392980,-1048576,93,-56,-1,-1,0
1523611392980,-1245184,93,-56,-1,-1,0
1523611392980,-1310720,93,-56,-1,-1,0
1523611393020,-983040,93,-56,-1,-1,0
1523611393020,-983040,93,-56,-1,-1,0
1523611393020,-1310720,93,-56,-1,-1,0
1523611393020,-1638400,93,-56,-1,-1,0
1523611393020,-655360,93,-56,-1,-1,0
1523611393061,-65536,93,-56,-1,-1,0
1523611393061,0,93,-56,-1,-1,0
1523611393061,-65536,93,-56,-1,-1,0
1523611393061,262144,93,-56,-1,-1,0
1523611393061,786432,93,-56,-1,-1,0
1523611393100,917504,93,-56,-1,-1,0
1523611393100,1507328,93,-56,-1,-1,0
1523611393100,2097152,93,-56,-1,-1,0
1523611393100,2490368,93,-56,-1,-1,0
1523611393100,2162688,93,-56,-1,-1,0
1523611393140,2555904,93,-56,-1,-1,0
1523611393140,2883584,93,-56,-1,-1,0
1523611393140,2949120,93,-56,-1,-1,0
1523611393140,2490368,93,-56,-1,-1,0
1523611393140,2097152,93,-56,-1,-1,0
1523611393180,1703936,93,-56,-1,-1,0
1523611393180,1048576,93,-56,-1,-1,0
1523611393180,524288,93,-56,-1,-1,0
1523611393180,-65536,93,-56,-1,-1,0
1523611393180,-327680,93,-56,-1,-1,0
1523611393220,-589824,93,-56,-1,-1,0
1523611393220,-458752,93,-56,-1,-1,0
1523611393220,-655360,93,-56,-1,-1,0
1523611393220,-786432,93,-56,-1,-1,0
1523611393220,-1179648,93,-56,-1,-1,0
1523611393261,-1048576,93,-56,-1,-1,0
1523611393261,-1179648,93,-56,-1,-1,0
1523611393261,-1179648,93,-56,-1,-1,0
1523611393261,-1245184,93,-56,-1,-1,0
1523611393261,-1376256,93,-56,-1,-1,0
1523611393300,-1441792,93,-56,-1,-1,0
1523611393300,-1441792,93,-56,-1,-1,0
1523611393300,-1507328,93,-56,-1,-1,0
1523611393300,-1638400,93,-56,-1,-1,0
1523611393300,-1638400,93,-56,-1,-1,0
1523611393340,-1507328,93,-56,-1,-1,0
1523611393340,-1310720,93,-56,-1,-1,0
1523611393340,-1179648,93,-56,-1,-1,0
1523611393340,-1114112,93,-56,-1,-1,0
1523611393340,-1114112,93,-56,-1,-1,0
1523611393380,-1048576,93,-56,-1,-1,0
1523611393380,-983040,93,-56,-1,-1,0
1523611393380,-786432,93,-56,-1,-1,0
1523611393380,-589824,93,-56,-1,-1,0
1523611393380,-196608,93,-56,-1,-1,0
1523611393420,131072,94,-56,-1,-1,0
1523611393420,458752,94,-56,-1,-1,0
1523611393420,589824,94,-56,-1,-1,0
1523611393420,589824,94,-56,-1,-1,0
1523611393420,458752,94,-56,-1,-1,0
1523611393460,327680,94,-56,-1,-1,0
1523611393460,196608,94,-56,-1,-1,0
1523611393460,0,94,-56,-1,-1,0
1523611393460,-131072,94,-56,-1,-1,0
1523611393460,-196608,94,-56,-1,-1,0
1523611393500,-196608,94,-56,-1,-1,0
1523611393500,-327680,94,-56,-1,-1,0
1523611393500,-458752,94,-56,-1,-1,0
1523611393500,131072,94,-56,-1,-1,0
1523611393500,2818048,94,-56,-1,-1,0
1523611393539,7864320,94,-56,-1,-1,0
1523611393539,11730944,94,-56,-1,-1,0
1523611393539,9109504,94,-56,-1,-1,0
1523611393539,2555904,94,-56,-1,-1,0
1523611393539,-1048576,94,-56,-1,-1,0
1523611393580,-655360,94,-56,-1,-1,0
1523611393580,131072,94,-56,-1,-1,0
1523611393580,327680,94,-56,-1,-1,0
1523611393580,327680,94,-56,-1,-1,0
1523611393580,131072,94,-56,-1,-1,0
1523611393620,0,94,-56,-1,-1,0
1523611393620,-196608,94,-56,-1,-1,0
1523611393620,-131072,94,-56,-1,-1,0
1523611393620,-65536,94,-56,-1,-1,0
1523611393620,0,94,-56,-1,-1,0
1523611393660,65536,94,-56,-1,-1,0
1523611393660,65536,94,-56,-1,-1,0
1523611393660,0,94,-56,-1,-1,0
1523611393660,65536,94,-56,-1,-1,0
1523611393660,327680,94,-56,-1,-1,0
1523611393699,458752,94,-56,-1,-1,0
1523611393699,589824,94,-56,-1,-1,0
1523611393699,1048576,94,-56,-1,-1,0
1523611393699,1572864,94,-56,-1,-1,0
1523611393699,2031616,94,-56,-1,-1,0
1523611393740,2490368,94,-56,-1,-1,0
1523611393740,2752512,94,-56,-1,-1,0
1523611393740,2883584,94,-56,-1,-1,0
1523611393740,2949120,94,-56,-1,-1,0
1523611393740,2883584,94,-56,-1,-1,0
1523611393779,2818048,94,-56,-1,-1,0
1523611393779,2752512,94,-56,-1,-1,0
1523611393779,2228224,94,-56,-1,-1,0
1523611393779,1310720,94,-56,-1,-1,0
1523611393779,589824,94,-56,-1,-1,0
1523611393820,196608,94,-56,-1,-1,0
1523611393820,-65536,94,-56,-1,-1,0
1523611393820,-458752,94,-56,-1,-1,0
1523611393820,-720896,94,-56,-1,-1,0
1523611393820,-1048576,94,-56,-1,-1,0
1523611393861,-1114112,94,-56,-1,-1,0
1523611393861,-917504,94,-56,-1,-1,0
1523611393861,-1572864,94,-56,-1,-1,0
1523611393861,-2490368,94,-56,-1,-1,0
1523611393861,-1966080,94,-56,-1,-1,0
1523611393902,-1179648,94,-56,-1,-1,0
1523611393902,-1507328,94,-56,-1,-1,0
1523611393902,-1769472,94,-56,-1,-1,0
1523611393902,-1310720,94,-56,-1,-1,0
1523611393902,-1835008,94,-56,-1,-1,0
1523611393940,-2686976,94,-56,-1,-1,0
1523611393940,-2490368,94,-56,-1,-1,0
1523611393940,-1179648,94,-56,-1,-1,0
1523611393940,-917504,94,-56,-1,-1,0
1523611393940,-1441792,94,-56,-1,-1,0
1523611393980,-2031616,94,-56,-1,-1,0
1523611393980,-2228224,94,-56,-1,-1,0
1523611393980,-2097152,94,-56,-1,-1,0
1523611393980,-1966080,94,-56,-1,-1,0
1523611393980,-1966080,94,-56,-1,-1,0
1523611394020,-1638400,94,-56,-1,-1,0
1523611394020,-1114112,94,-56,-1,-1,0
1523611394020,-786432,94,-56,-1,-1,0
1523611394020,-1048576,94,-56,-1,-1,0
1523611394020,-1638400,94,-56,-1,-1,0
1523611394060,-1835008,94,-56,-1,-1,0
1523611394060,-1572864,94,-56,-1,-1,0
1523611394060,-1179648,94,-56,-1,-1,0
1523611394060,-1376256,94,-56,-1,-1,0
1523611394060,-1638400,94,-56,-1,-1,0
1523611394100,-1703936,94,-56,-1,-1,0
1523611394100,-1703936,94,-56,-1,-1,0
1523611394100,-2031616,94,-56,-1,-1,0
1523611394100,-1507328,94,-56,-1,-1,0
1523611394100,-1507328,94,-56,-1,-1,0
1523611394140,-1769472,94,-56,-1,-1,0
1523611394140,-655360,94,-56,-1,-1,0
1523611394140,1835008,94,-56,-1,-1,0
1523611394140,5505024,94,-56,-1,-1,0
1523611394140,8192000,94,-56,-1,-1,0
1523611394180,5701632,94,-56,-1,-1,0
1523611394180,458752,94,-56,-1,-1,0
1523611394180,-2031616,94,-56,-1,-1,0
1523611394180,-1703936,94,-56,-1,-1,0
1523611394180,-1245184,94,-56,-1,-1,0
1523611394220,-1245184,94,-56,-1,-1,0
1523611394220,-1310720,94,-56,-1,-1,0
1523611394220,-1638400,94,-56,-1,-1,0
1523611394220,-1638400,94,-56,-1,-1,0
1523611394220,-1507328,94,-56,-1,-1,0
1523611394260,-1114112,94,-56,-1,-1,0
1523611394260,-851968,94,-56,-1,-1,0
1523611394260,-720896,94,-56,-1,-1,0
1523611394260,-589824,94,-56,-1,-1,0
1523611394260,-524288,94,-56,-1,-1,0
1523611394300,-720896,94,-56,-1,-1,0
1523611394300,-524288,94,-56,-1,-1,0
1523611394300,-65536,94,-56,-1,-1,0
1523611394300,393216,94,-56,-1,-1,0
1523611394300,524288,94,-56,-1,-1,0
1523611394340,1048576,94,-56,-1,-1,0
1523611394340,1179648,94,-56,-1,-1,0
1523611394340,983040,94,-56,-1,-1,0
1523611394340,1245184,94,-56,-1,-1,0
1523611394340,2031616,94,-56,-1,-1,0
1523611394380,2162688,94,-56,-1,-1,0
1523611394380,1900544,94,-56,-1,-1,0
1523611394380,2031616,94,-56,-1,-1,0
1523611394380,2228224,94,-56,-1,-1,0
1523611394380,1769472,94,-56,-1,-1,0
1523611394420,1310720,94,-56,-1,-1,0
1523611394420,1114112,94,-56,-1,-1,0
1523611394420,589824,94,-56,-1,-1,0
1523611394420,-196608,94,-56,-1,-1,0
1523611394420,-851968,94,-56,-1,-1,0
1523611394460,-786432,94,-56,-1,-1,0
1523611394460,-1376256,94,-56,-1,-1,0
1523611394460,-2031616,94,-56,-1,-1,0
1523611394460,-1900544,94,-56,-1,-1,0
1523611394460,-1376256,94,-56,-1,-1,0
1523611394500,-917504,94,-56,-1,-1,0
1523611394500,-524288,94,-56,-1,-1,0
1523611394500,-983040,94,-56,-1,-1,0
1523611394500,-917504,94,-56,-1,-1,0
1523611394500,-524288,94,-56,-1,-1,0
1523611394541,-655360,94,-56,-1,-1,0
1523611394541,-786432,94,-56,-1,-1,0
1523611394541,-458752,94,-56,-1,-1,0
1523611394541,-196608,94,-56,-1,-1,0
1523611394541,-589824,94,-56,-1,-1,0
1523611394580,-327680,94,-56,-1,-1,0
1523611394580,-262144,94,-56,-1,-1,0
1523611394580,-65536,94,-56,-1,-1,0
1523611394580,-196608,94,-56,-1,-1,0
1523611394580,-393216,94,-56,-1,-1,0
1523611394622,-589824,94,-56,-1,-1,0
1523611394622,-327680,94,-56,-1,-1,0
1523611394622,-262144,94,-56,-1,-1,0
1523611394622,0,94,-56,-1,-1,0
1523611394622,-65536,94,-56,-1,-1,0
1523611394660,65536,94,-56,-1,-1,0
1523611394660,0,94,-56,-1,-1,0
1523611394660,-131072,94,-56,-1,-1,0
1523611394660,-262144,94,-56,-1,-1,0
1523611394660,-524288,94,-56,-1,-1,0
1523611394700,-655360,94,-56,-1,-1,0
1523611394700,-589824,94,-56,-1,-1,0
1523611394700,-589824,94,-56,-1,-1,0
1523611394700,-720896,94,-56,-1,-1,0
1523611394700,-786432,94,-56,-1,-1,0
1523611394740,-917504,94,-56,-1,-1,0
1523611394740,-1114112,94,-56,-1,-1,0
1523611394740,-1245184,94,-56,-1,-1,0
1523611394740,-720896,94,-56,-1,-1,0
1523611394740,1048576,94,-56,-1,-1,0
1523611394780,5046272,94,-56,-1,-1,0
1523611394780,10223616,94,-56,-1,-1,0
1523611394780,11010048,94,-56,-1,-1,0
1523611394780,5701632,94,-56,-1,-1,0
1523611394780,65536,94,-56,-1,-1,0
1523611394820,-1114112,94,-56,-1,-1,0
1523611394820,-458752,94,-56,-1,-1,0
1523611394820,0,94,-56,-1,-1,0
1523611394820,196608,94,-56,-1,-1,0
1523611394820,393216,94,-56,-1,-1,0
1523611394860,458752,94,-56,-1,-1,0
1523611394860,458752,94,-56,-1,-1,0
1523611394860,589824,94,-56,-1,-1,0
1523611394860,983040,94,-56,-1,-1,0
1523611394860,1114112,94,-56,-1,-1,0
1523611394900,1179648,94,-56,-1,-1,0
1523611394900,1179648,94,-56,-1,-1,0
1523611394900,1114112,94,-56,-1,-1,0
1523611394900,1048576,94,-56,-1,-1,0
1523611394900,1048576,94,-56,-1,-1,0
1523611394940,1114112,94,-56,-1,-1,0
1523611394940,1245184,94,-56,-1,-1,0
1523611394940,1376256,94,-56,-1,-1,0
1523611394940,1572864,94,-56,-1,-1,0
1523611394940,1835008,94,-56,-1,-1,0
1523611394980,2228224,94,-56,-1,-1,0
1523611394980,2490368,94,-56,-1,-1,0
1523611394980,2621440,94,-56,-1,-1,0
1523611394980,3014656,94,-56,-1,-1,0
1523611394980,3538944,94,-56,-1,-1,0
1523611395020,3604480,94,-56,-1,-1,0
1523611395020,3342336,94,-56,-1,-1,0
1523611395020,2949120,94,-56,-1,-1,0
1523611395020,2359296,94,-56,-1,-1,0
1523611395020,1507328,94,-56,-1,-1,0
1523611395060,655360,94,-56,-1,-1,0
1523611395060,131072,94,-56,-1,-1,0
1523611395060,-131072,94,-56,-1,-1,0
1523611395060,-589824,94,-56,-1,-1,0
1523611395060,-851968,94,-56,-1,-1,0
1523611395100,-917504,94,-56,-1,-1,0
1523611395100,-851968,94,-56,-1,-1,0
1523611395100,-851968,94,-56,-1,-1,0
1523611395100,-983040,94,-56,-1,-1,0
1523611395100,-1114112,94,-56,-1,-1,0
1523611395140,-1179648,94,-56,-1,-1,0
1523611395140,-1048576,94,-56,-1,-1,0
1523611395140,-851968,94,-56,-1,-1,0
1523611395140,-786432,94,-56,-1,-1,0
1523611395140,-851968,94,-56,-1,-1,0
1523611395181,-917504,94,-56,-1,-1,0
1523611395181,-917504,94,-56,-1,-1,0
1523611395181,-1114112,94,-56,-1,-1,0
1523611395181,-1245184,94,-56,-1,-1,0
1523611395181,-1245184,94,-56,-1,-1,0
1523611395220,-1310720,94,-56,-1,-1,0
1523611395220,-1572864,94,-56,-1,-1,0
1523611395220,-1900544,94,-56,-1,-1,0
1523611395220,-1703936,94,-56,-1,-1,0
1523611395220,-1769472,94,-56,-1,-1,0
1523611395260,-1835008,95,-56,-1,-1,0
1523611395260,-1572864,95,-56,-1,-1,0
1523611395260,-1114112,95,-56,-1,-1,0
1523611395260,-1245184,95,-56,-1,-1,0
1523611395260,-1769472,95,-56,-1,-1,0
1523611395300,-2031616,95,-56,-1,-1,0
1523611395300,-2424832,95,-56,-1,-1,0
1523611395300,-2555904,95,-56,-1,-1,0
1523611395300,-2293760,95,-56,-1,-1,0
1523611395300,-2228224,95,-56,-1,-1,0
1523611395340,-2555904,95,-56,-1,-1,0
1523611395340,-2424832,95,-56,-1,-1,0
1523611395340,-2162688,95,-56,-1,-1,0
1523611395340,-1835008,95,-56,-1,-1,0
1523611395340,-2162688,95,-56,-1,-1,0
1523611395380,-1769472,95,-56,-1,-1,0
1523611395380,1179648,95,-56,-1,-1,0
1523611395380,5832704,95,-56,-1,-1,0
1523611395380,8912896,95,-56,-1,-1,0
1523611395380,6160384,95,-56,-1,-1,0
1523611395419,327680,95,-56,-1,-1,0
1523611395419,-2752512,95,-56,-1,-1,0
1523611395419,-2490368,95,-56,-1,-1,0
1523611395419,-2097152,95,-56,-1,-1,0
1523611395419,-1835008,95,-56,-1,-1,0
1523611395459,-1441792,95,-56,-1,-1,0
1523611395459,-1703936,95,-56,-1,-1,0
1523611395459,-1900544,95,-56,-1,-1,0
1523611395459,-1966080,95,-56,-1,-1,0
1523611395459,-1572864,95,-56,-1,-1,0
1523611395501,-1310720,95,-56,-1,-1,0
1523611395501,-1179648,95,-56,-1,-1,0
1523611395501,-983040,95,-56,-1,-1,0
1523611395501,-917504,95,-56,-1,-1,0
1523611395501,-851968,95,-56,-1,-1,0
1523611395539,-1048576,95,-56,-1,-1,0
1523611395539,-524288,95,-56,-1,-1,0
1523611395539,-131072,95,-56,-1,-1,0
1523611395539,-327680,95,-56,-1,-1,0
1523611395539,-589824,95,-56,-1,-1,0
1523611395579,393216,95,-56,-1,-1,0
1523611395579,851968,95,-56,-1,-1,0
1523611395579,655360,95,-56,-1,-1,0
1523611395579,786432,95,-56,-1,-1,0
1523611395579,1507328,95,-56,-1,-1,0
1523611395619,1900544,95,-56,-1,-1,0
1523611395619,1835008,95,-56,-1,-1,0
1523611395619,1769472,95,-56,-1,-1,0
1523611395619,1441792,95,-56,-1,-1,0
1523611395619,786432,95,-56,-1,-1,0
1523611395659,65536,95,-56,-1,-1,0
1523611395659,-65536,95,-56,-1,-1,0
1523611395659,-262144,95,-56,-1,-1,0
1523611395659,-1114112,95,-56,-1,-1,0
1523611395659,-1376256,95,-56,-1,-1,0
1523611395699,-1376256,95,-56,-1,-1,0
1523611395699,-1441792,95,-56,-1,-1,0
1523611395699,-1114112,95,-56,-1,-1,0
1523611395699,-851968,95,-56,-1,-1,0
1523611395699,-1245184,95,-56,-1,-1,0
1523611395739,-1769472,95,-56,-1,-1,0
1523611395739,-1572864,95,-56,-1,-1,0
1523611395739,-1114112,95,-56,-1,-1,0
1523611395739,-655360,95,-56,-1,-1,0
1523611395739,-1179648,95,-56,-1,-1,0
1523611395779,-1703936,95,-56,-1,-1,0
1523611395779,-1441792,95,-56,-1,-1,0
1523611395779,-1376256,95,-56,-1,-1,0
1523611395779,-1245184,95,-56,-1,-1,0
1523611395779,-1507328,95,-56,-1,-1,0
1523611395821,-1179648,95,-56,-1,-1,0
1523611395821,-1179648,95,-56,-1,-1,0
1523611395821,-1507328,95,-56,-1,-1,0
1523611395821,-1507328,95,-56,-1,-1,0
1523611395821,-1507328,95,-56,-1,-1,0
1523611395859,-1376256,96,-56,-1,-1,0
1523611395859,-1310720,96,-56,-1,-1,0
1523611395859,-1179648,96,-56,-1,-1,0
1523611395859,-983040,96,-56,-1,-1,0
1523611395859,-655360,96,-56,-1,-1,0
1523611395899,-1179648,96,-56,-1,-1,0
1523611395899,-1900544,96,-56,-1,-1,0
1523611395899,-1966080,96,-56,-1,-1,0
1523611395899,-1310720,96,-56,-1,-1,0
1523611395899,-1114112,96,-56,-1,-1,0
1523611395939,-1376256,96,-56,-1,-1,0
1523611395939,-1114112,96,-56,-1,-1,0
1523611395939,-720896,96,-56,-1,-1,0
1523611395939,-720896,96,-56,-1,-1,0
1523611395939,-851968,96,-56,-1,-1,0
1523611395979,-196608,96,-56,-1,-1,0
1523611395979,2359296,96,-56,-1,-1,0
1523611395979,8192000,96,-56,-1,-1,0
1523611395979,12845056,96,-56,-1,-1,0
1523611395979,10551296,96,-56,-1,-1,0
1523611396019,3735552,96,-56,-1,-1,0
1523611396019,-262144,96,-56,-1,-1,0
1523611396019,-196608,96,-56,-1,-1,0
1523611396019,196608,96,-56,-1,-1,0
1523611396019,-65536,96,-56,-1,-1,0
1523611396059,-327680,96,-56,-1,-1,0
1523611396059,-458752,96,-56,-1,-1,0
1523611396059,-458752,96,-56,-1,-1,0
1523611396059,-524288,96,-56,-1,-1,0
1523611396059,-655360,96,-56,-1,-1,0
1523611396099,-655360,96,-56,-1,-1,0
1523611396099,-524288,96,-56,-1,-1,0
1523611396099,-458752,96,-56,-1,-1,0
1523611396099,-393216,96,-56,-1,-1,0
1523611396099,-393216,96,-56,-1,-1,0
1523611396139,-327680,96,-56,-1,-1,0
1523611396139,-196608,96,-56,-1,-1,0
1523611396139,-65536,96,-56,-1,-1,0
1523611396139,65536,96,-56,-1,-1,0
1523611396139,393216,96,-56,-1,-1,0
1523611396179,655360,96,-56,-1,-1,0
1523611396179,1048576,96,-56,-1,-1,0
1523611396179,1310720,96,-56,-1,-1,0
1523611396179,1572864,96,-56,-1,-1,0
1523611396179,1900544,96,-56,-1,-1,0
1523611396219,2228224,96,-56,-1,-1,0
1523611396219,2490368,96,-56,-1,-1,0
1523611396219,2555904,96,-56,-1,-1,0
1523611396219,2228224,96,-56,-1,-1,0
1523611396219,1703936,96,-56,-1,-1,0
1523611396259,1114112,96,-56,-1,-1,0
1523611396259,655360,96,-56,-1,-1,0
1523611396259,327680,96,-56,-1,-1,0
1523611396259,262144,96,-56,-1,-1,0
1523611396259,327680,96,-56,-1,-1,0
1523611396299,458752,96,-56,-1,-1,0
1523611396299,589824,96,-56,-1,-1,0
1523611396299,655360,96,-56,-1,-1,0
1523611396299,589824,96,-56,-1,-1,0
1523611396299,393216,96,-56,-1,-1,0
1523611396339,262144,96,-56,-1,-1,0
1523611396339,327680,96,-56,-1,-1,0
1523611396339,458752,96,-56,-1,-1,0
1523611396339,458752,96,-56,-1,-1,0
1523611396339,262144,96,-56,-1,-1,0
1523611396379,131072,96,-56,-1,-1,0
1523611396379,0,96,-56,-1,-1,0
1523611396379,-65536,96,-56,-1,-1,0
1523611396379,-327680,96,-56,-1,-1,0
1523611396379,-589824,96,-56,-1,-1,0
1523611396419,-851968,96,-56,-1,-1,0
1523611396419,-851968,96,-56,-1,-1,0
1523611396419,-655360,96,-56,-1,-1,0
1523611396419,-524288,96,-56,-1,-1,0
1523611396419,-524288,96,-56,-1,-1,0
1523611396461,-393216,96,-56,-1,-1,0
1523611396461,-262144,96,-56,-1,-1,0
1523611396461,-196608,96,-56,-1,-1,0
1523611396461,-262144,96,-56,-1,-1,0
1523611396461,-524288,96,-56,-1,-1,0
1523611396499,-720896,96,-56,-1,-1,0
1523611396499,-917504,96,-56,-1,-1,0
1523611396499,-983040,96,-56,-1,-1,0
1523611396499,-983040,96,-56,-1,-1,0
1523611396499,-1048576,96,-56,-1,-1,0
1523611396539,-1048576,96,-56,-1,-1,0
1523611396539,-1179648,96,-56,-1,-1,0
1523611396539,-1179648,96,-56,-1,-1,0
1523611396539,-589824,96,-56,-1,-1,0
1523611396539,1835008,96,-56,-1,-1,0
1523611396579,6815744,96,-56,-1,-1,0
1523611396579,11403264,96,-56,-1,-1,0
1523611396579,9764864,96,-56,-1,-1,0
1523611396579,3145728,96,-56,-1,-1,0
1523611396579,-1376256,96,-56,-1,-1,0
1523611396619,-1572864,96,-56,-1,-1,0
1523611396619,-1114112,96,-56,-1,-1,0
1523611396619,-1114112,96,-56,-1,-1,0
1523611396619,-1245184,96,-56,-1,-1,0
1523611396619,-1310720,96,-56,-1,-1,0
1523611396659,-1179648,96,-56,-1,-1,0
1523611396659,-917504,96,-56,-1,-1,0
1523611396659,-917504,96,-56,-1,-1,0
1523611396659,-917504,96,-56,-1,-1,0
1523611396659,-917504,96,-56,-1,-1,0
1523611396699,-589824,96,-56,-1,-1,0
1523611396699,-524288,96,-56,-1,-1,0
1523611396699,-786432,96,-56,-1,-1,0
1523611396699,-1048576,96,-56,-1,-1,0
1523611396699,-458752,96,-56,-1,-1,0
1523611396739,65536,96,-56,-1,-1,0
1523611396739,131072,96,-56,-1,-1,0
1523611396739,393216,96,-56,-1,-1,0
1523611396739,917504,96,-56,-1,-1,0
1523611396739,983040,96,-56,-1,-1,0
1523611396779,655360,96,-56,-1,-1,0
1523611396779,851968,96,-56,-1,-1,0
1523611396779,1310720,96,-56,-1,-1,0
1523611396779,1310720,96,-56,-1,-1,0
1523611396779,851968,96,-56,-1,-1,0
1523611396819,1114112,96,-56,-1,-1,0
1523611396819,1376256,96,-56,-1,-1,0
1523611396819,851968,96,-56,-1,-1,0
1523611396819,-262144,96,-56,-1,-1,0
1523611396819,-1048576,96,-56,-1,-1,0
1523611396859,-1114112,96,-56,-1,-1,0
1523611396859,-1245184,96,-56,-1,-1,0
1523611396859,-1900544,96,-56,-1,-1,0
1523611396859,-2621440,96,-56,-1,-1,0
1523611396859,-2097152,96,-56,-1,-1,0
1523611396899,-1900544,96,-56,-1,-1,0
1523611396899,-2097152,96,-56,-1,-1,0
1523611396899,-2490368,96,-56,-1,-1,0
1523611396899,-2293760,96,-56,-1,-1,0
1523611396899,-1966080,96,-56,-1,-1,0
1523611396939,-1507328,96,-56,-1,-1,0
1523611396939,-1441792,96,-56,-1,-1,0
1523611396939,-2097152,96,-56,-1,-1,0
1523611396939,-2359296,96,-56,-1,-1,0
1523611396939,-2424832,96,-56,-1,-1,0
1523611396979,-1966080,96,-56,-1,-1,0
1523611396979,-1638400,96,-56,-1,-1,0
1523611396979,-1376256,96,-56,-1,-1,0
1523611396979,-1835008,96,-56,-1,-1,0
1523611396979,-2162688,96,-56,-1,-1,0
1523611397019,-1966080,97,-56,-1,-1,0
1523611397019,-1572864,97,-56,-1,-1,0
1523611397019,-1966080,97,-56,-1,-1,0
1523611397019,-2490368,97,-56,-1,-1,0
1523611397019,-2097152,97,-56,-1,-1,0
1523611397059,-1572864,97,-56,-1,-1,0
1523611397059,-1572864,97,-56,-1,-1,0
1523611397059,-2097152,97,-56,-1,-1,0
1523611397059,-2359296,97,-56,-1,-1,0
1523611397059,-2686976,97,-56,-1,-1,0
1523611397101,-2555904,97,-56,-1,-1,0
1523611397101,-2686976,97,-56,-1,-1,0
1523611397101,-2555904,97,-56,-1,-1,0
1523611397101,-2031616,97,-56,-1,-1,0
1523611397101,-1769472,97,-56,-1,-1,0
1523611397139,-1769472,97,-56,-1,-1,0
1523611397139,-1835008,97,-56,-1,-1,0
1523611397139,-589824,97,-56,-1,-1,0
1523611397139,2818048,97,-56,-1,-1,0
1523611397139,8192000,97,-56,-1,-1,0
1523611397179,9961472,97,-56,-1,-1,0
1523611397179,5177344,97,-56,-1,-1,0
1523611397179,-262144,97,-56,-1,-1,0
1523611397179,-1966080,97,-56,-1,-1,0
1523611397179,-1572864,97,-56,-1,-1,0
1523611397219,-1048576,97,-56,-1,-1,0
1523611397219,-917504,97,-56,-1,-1,0
1523611397219,-1114112,97,-56,-1,-1,0
1523611397219,-1179648,97,-56,-1,-1,0
1523611397219,-720896,97,-56,-1,-1,0
1523611397259,-262144,97,-56,-1,-1,0
1523611397259,196608,97,-56,-1,-1,0
1523611397259,-393216,97,-56,-1,-1,0
1523611397259,-1048576,97,-56,-1,-1,0
1523611397259,-1572864,97,-56,-1,-1,0
1523611397299,-720896,97,-56,-1,-1,0
1523611397299,-458752,97,-56,-1,-1,0
1523611397299,-589824,97,-56,-1,-1,0
1523611397299,0,97,-56,-1,-1,0
1523611397299,524288,97,-56,-1,-1,0
1523611397339,458752,97,-56,-1,-1,0
1523611397339,-262144,97,-56,-1,-1,0
1523611397339,524288,97,-56,-1,-1,0
1523611397339,917504,97,-56,-1,-1,0
1523611397339,917504,97,-56,-1,-1,0
1523611397379,983040,97,-56,-1,-1,0
1523611397379,2031616,97,-56,-1,-1,0
1523611397379,2621440,97,-56,-1,-1,0
1523611397379,2752512,97,-56,-1,-1,0
1523611397379,2686976,97,-56,-1,-1,0
1523611397419,2621440,97,-56,-1,-1,0
1523611397419,1900544,97,-56,-1,-1,0
1523611397419,983040,97,-56,-1,-1,0
1523611397419,131072,97,-56,-1,-1,0
1523611397419,327680,97,-56,-1,-1,0
1523611397459,524288,97,-56,-1,-1,0
1523611397459,262144,97,-56,-1,-1,0
1523611397459,196608,97,-56,-1,-1,0
1523611397459,262144,97,-56,-1,-1,0
1523611397459,589824,97,-56,-1,-1,0
1523611397499,393216,97,-56,-1,-1,0
1523611397499,327680,97,-56,-1,-1,0
1523611397499,327680,97,-56,-1,-1,0
1523611397499,393216,97,-56,-1,-1,0
1523611397499,327680,97,-56,-1,-1,0
1523611397549,0,97,-56,-1,-1,0
1523611397549,-65536,97,-56,-1,-1,0
1523611397549,-196608,97,-56,-1,-1,0
1523611397549,-327680,97,-56,-1,-1,0
1523611397549,-458752,97,-56,-1,-1,0
1523611397579,-458752,97,-56,-1,-1,0
1523611397579,-524288,97,-56,-1,-1,0
1523611397579,-786432,97,-56,-1,-1,0
1523611397579,-917504,97,-56,-1,-1,0
1523611397579,-851968,97,-56,-1,-1,0
1523611397619,-786432,97,-56,-1,-1,0
1523611397619,-851968,97,-56,-1,-1,0
1523611397619,-786432,97,-56,-1,-1,0
1523611397619,-851968,97,-56,-1,-1,0
1523611397619,-983040,97,-56,-1,-1,0
1523611397659,-1179648,97,-56,-1,-1,0
1523611397659,-1310720,97,-56,-1,-1,0
1523611397659,-1441792,97,-56,-1,-1,0
1523611397659,-1376256,97,-56,-1,-1,0
1523611397659,-1376256,97,-56,-1,-1,0
1523611397699,-1376256,97,-56,-1,-1,0
1523611397699,-1245184,97,-56,-1,-1,0
1523611397699,-1114112,97,-56,-1,-1,0
1523611397699,-1048576,97,-56,-1,-1,0
1523611397699,-983040,97,-56,-1,-1,0
1523611397741,-524288,97,-56,-1,-1,0
1523611397741,983040,97,-56,-1,-1,0
1523611397741,4718592,97,-56,-1,-1,0
1523611397741,9895936,97,-56,-1,-1,0
1523611397741,11272192,97,-56,-1,-1,0
1523611397779,6553600,97,-56,-1,-1,0
1523611397779,983040,97,-56,-1,-1,0
1523611397779,-393216,97,-56,-1,-1,0
1523611397779,196608,97,-56,-1,-1,0
1523611397779,655360,97,-56,-1,-1,0
1523611397819,655360,97,-56,-1,-1,0
1523611397819,327680,97,-56,-1,-1,0
1523611397819,262144,97,-56,-1,-1,0
1523611397819,393216,97,-56,-1,-1,0
1523611397819,524288,97,-56,-1,-1,0
1523611397859,524288,97,-56,-1,-1,0
1523611397859,589824,97,-56,-1,-1,0
1523611397859,589824,97,-56,-1,-1,0
1523611397859,458752,97,-56,-1,-1,0
1523611397859,458752,97,-56,-1,-1,0
1523611397899,589824,97,-56,-1,-1,0
1523611397899,720896,97,-56,-1,-1,0
1523611397899,786432,97,-56,-1,-1,0
1523611397899,917504,97,-56,-1,-1,0
1523611397899,1245184,97,-56,-1,-1,0
1523611397939,1572864,97,-56,-1,-1,0
1523611397939,1900544,97,-56,-1,-1,0
1523611397939,2228224,97,-56,-1,-1,0
1523611397939,2490368,97,-56,-1,-1,0
1523611397939,2686976,97,-56,-1,-1,0
1523611397979,2752512,97,-56,-1,-1,0
1523611397979,2686976,97,-56,-1,-1,0
1523611397979,2490368,97,-56,-1,-1,0
1523611397979,2424832,97,-56,-1,-1,0
1523611397979,2228224,97,-56,-1,-1,0
1523611398019,1572864,97,-56,-1,-1,0
1523611398019,786432,97,-56,-1,-1,0
1523611398019,262144,97,-56,-1,-1,0
1523611398019,-65536,97,-56,-1,-1,0
1523611398019,-524288,97,-56,-1,-1,0
1523611398059,-851968,97,-56,-1,-1,0
1523611398059,-917504,97,-56,-1,-1,0
1523611398059,-917504,97,-56,-1,-1,0
1523611398059,-1048576,97,-56,-1,-1,0
1523611398059,-1048576,97,-56,-1,-1,0
1523611398099,-917504,97,-56,-1,-1,0
1523611398099,-720896,97,-56,-1,-1,0
1523611398099,-720896,97,-56,-1,-1,0
1523611398099,-786432,97,-56,-1,-1,0
1523611398099,-786432,97,-56,-1,-1,0
1523611398139,-786432,97,-56,-1,-1,0
1523611398139,-917504,97,-56,-1,-1,0
1523611398139,-1048576,97,-56,-1,-1,0
1523611398139,-983040,97,-56,-1,-1,0
1523611398139,-851968,97,-56,-1,-1,0
1523611398179,-917504,97,-56,-1,-1,0
1523611398179,-1179648,97,-56,-1,-1,0
1523611398179,-1507328,97,-56,-1,-1,0
1523611398179,-1572864,97,-56,-1,-1,0
1523611398179,-1572864,97,-56,-1,-1,0
1523611398219,-1638400,97,-56,-1,-1,0
1523611398219,-1835008,97,-56,-1,-1,0
1523611398219,-2031616,97,-56,-1,-1,0
1523611398219,-1572864,97,-56,-1,-1,0
1523611398219,-1048576,97,-56,-1,-1,0
1523611398259,-1310720,97,-56,-1,-1,0
1523611398259,-2097152,97,-56,-1,-1,0
1523611398259,-2359296,97,-56,-1,-1,0
1523611398259,-2359296,97,-56,-1,-1,0
1523611398259,-2490368,97,-56,-1,-1,0
1523611398299,-2031616,97,-56,-1,-1,0
1523611398299,-1310720,97,-56,-1,-1,0
1523611398299,-1572864,97,-56,-1,-1,0
1523611398299,-1966080,97,-56,-1,-1,0
1523611398299,-1835008,97,-56,-1,-1,0
1523611398339,-1310720,97,-56,-1,-1,0
1523611398339,393216,97,-56,-1,-1,0
1523611398339,4587520,97,-56,-1,-1,0
1523611398339,9043968,97,-56,-1,-1,0
1523611398339,8454144,97,-56,-1,-1,0
1523611398381,2818048,97,-56,-1,-1,0
1523611398381,-1376256,97,-56,-1,-1,0
1523611398381,-1769472,97,-56,-1,-1,0
1523611398381,-1441792,97,-56,-1,-1,0
1523611398381,-1835008,97,-56,-1,-1,0
1523611398419,-2097152,97,-56,-1,-1,0
1523611398419,-2031616,97,-56,-1,-1,0
1523611398419,-1638400,97,-56,-1,-1,0
1523611398419,-1048576,97,-56,-1,-1,0
1523611398419,-851968,97,-56,-1,-1,0
1523611398459,-655360,97,-56,-1,-1,0
1523611398459,-720896,97,-56,-1,-1,0
1523611398459,-1179648,97,-56,-1,-1,0
1523611398459,-1900544,97,-56,-1,-1,0
1523611398459,-1114112,97,-56,-1,-1,0
1523611398499,0,97,-56,-1,-1,0
1523611398499,-196608,97,-56,-1,-1,0
1523611398499,-589824,97,-56,-1,-1,0
1523611398499,-262144,97,-56,-1,-1,0
1523611398499,131072,97,-56,-1,-1,0
1523611398539,196608,97,-56,-1,-1,0
1523611398539,458752,97,-56,-1,-1,0
1523611398539,1114112,97,-56,-1,-1,0
1523611398539,1507328,97,-56,-1,-1,0
1523611398539,1572864,97,-56,-1,-1,0
1523611398579,1572864,97,-56,-1,-1,0
1523611398579,1769472,97,-56,-1,-1,0
1523611398579,1638400,97,-56,-1,-1,0
1523611398579,1245184,97,-56,-1,-1,0
1523611398579,1048576,97,-56,-1,-1,0
1523611398619,983040,97,-56,-1,-1,0
1523611398619,262144,97,-56,-1,-1,0
1523611398619,-524288,97,-56,-1,-1,0
1523611398619,-851968,97,-56,-1,-1,0
1523611398619,-655360,97,-56,-1,-1,0
1523611398659,-720896,97,-56,-1,-1,0
1523611398659,-917504,97,-56,-1,-1,0
1523611398659,-720896,97,-56,-1,-1,0
1523611398659,-720896,97,-56,-1,-1,0
1523611398659,-786432,97,-56,-1,-1,0
1523611398699,-589824,97,-56,-1,-1,0
1523611398699,-786432,97,-56,-1,-1,0
1523611398699,-917504,97,-56,-1,-1,0
1523611398699,-917504,97,-56,-1,-1,0
1523611398699,-720896,97,-56,-1,-1,0
1523611398739,-1048576,97,-56,-1,-1,0
1523611398739,-1179648,97,-56,-1,-1,0
1523611398739,-1179648,97,-56,-1,-1,0
1523611398739,-1048576,97,-56,-1,-1,0
1523611398739,-1310720,97,-56,-1,-1,0
1523611398779,-1310720,97,-56,-1,-1,0
1523611398779,-1703936,97,-56,-1,-1,0
1523611398779,-1835008,97,-56,-1,-1,0
1523611398779,-1900544,97,-56,-1,-1,0
1523611398779,-1507328,97,-56,-1,-1,0
1523611398819,-1310720,97,-56,-1,-1,0
1523611398819,-1703936,97,-56,-1,-1,0
1523611398819,-1900544,97,-56,-1,-1,0
1523611398819,-1441792,97,-56,-1,-1,0
1523611398819,-917504,97,-56,-1,-1,0
1523611398859,-1179648,97,-56,-1,-1,0
1523611398859,-1310720,97,-56,-1,-1,0
1523611398859,-1245184,97,-56,-1,-1,0
1523611398859,-851968,97,-56,-1,-1,0
1523611398859,-1048576,97,-56,-1,-1,0
1523611398899,-1048576,97,-56,-1,-1,0
1523611398899,-1048576,97,-56,-1,-1,0
1523611398899,-589824,97,-56,-1,-1,0
1523611398899,-458752,97,-56,-1,-1,0
1523611398899,-65536,97,-56,-1,-1,0
1523611398939,1376256,97,-56,-1,-1,0
1523611398939,5963776,97,-56,-1,-1,0
1523611398939,11665408,97,-56,-1,-1,0
1523611398939,12255232,97,-56,-1,-1,0
1523611398939,6356992,97,-56,-1,-1,0
1523611398981,786432,97,-56,-1,-1,0
1523611398981,-327680,97,-56,-1,-1,0
1523611398981,0,97,-56,-1,-1,0
1523611398981,65536,97,-56,-1,-1,0
1523611398981,-262144,97,-56,-1,-1,0
1523611399023,-589824,97,-56,-1,-1,0
1523611399023,-524288,97,-56,-1,-1,0
1523611399023,-393216,97,-56,-1,-1,0
1523611399023,-589824,97,-56,-1,-1,0
1523611399023,-720896,97,-56,-1,-1,0
1523611399059,-655360,97,-56,-1,-1,0
1523611399059,-458752,97,-56,-1,-1,0
1523611399059,-458752,97,-56,-1,-1,0
1523611399059,-589824,97,-56,-1,-1,0
1523611399059,-524288,97,-56,-1,-1,0
1523611399099,-393216,97,-56,-1,-1,0
1523611399099,-327680,97,-56,-1,-1,0
1523611399099,-65536,97,-56,-1,-1,0
1523611399099,131072,97,-56,-1,-1,0
1523611399099,458752,97,-56,-1,-1,0
1523611399139,720896,97,-56,-1,-1,0
1523611399139,1114112,97,-56,-1,-1,0
1523611399139,1507328,97,-56,-1,-1,0
1523611399139,1900544,97,-56,-1,-1,0
1523611399139,2293760,97,-56,-1,-1,0
1523611399179,2621440,97,-56,-1,-1,0
1523611399179,2818048,97,-56,-1,-1,0
1523611399179,2752512,97,-56,-1,-1,0
1523611399179,2424832,97,-56,-1,-1,0
1523611399179,1900544,97,-56,-1,-1,0
1523611399219,1376256,97,-56,-1,-1,0
1523611399219,917504,97,-56,-1,-1,0
1523611399219,720896,97,-56,-1,-1,0
1523611399219,655360,97,-56,-1,-1,0
1523611399219,720896,97,-56,-1,-1,0
1523611399259,786432,97,-56,-1,-1,0
1523611399259,655360,97,-56,-1,-1,0
1523611399259,458752,97,-56,-1,-1,0
1523611399259,458752,97,-56,-1,-1,0
1523611399259,589824,97,-56,-1,-1,0
1523611399299,393216,97,-56,-1,-1,0
1523611399299,0,97,-56,-1,-1,0
1523611399299,-196608,97,-56,-1,-1,0
1523611399299,-327680,97,-56,-1,-1,0
1523611399299,-458752,97,-56,-1,-1,0
1523611399339,-720896,97,-56,-1,-1,0
1523611399339,-786432,97,-56,-1,-1,0
1523611399339,-720896,97,-56,-1,-1,0
1523611399339,-589824,97,-56,-1,-1,0
1523611399339,-458752,97,-56,-1,-1,0
1523611399379,-196608,98,-56,-1,-1,0
1523611399379,0,98,-56,-1,-1,0
1523611399379,65536,98,-56,-1,-1,0
1523611399379,65536,98,-56,-1,-1,0
1523611399379,131072,98,-56,-1,-1,0
1523611399419,65536,98,-56,-1,-1,0
1523611399419,0,98,-56,-1,-1,0
1523611399419,-131072,98,-56,-1,-1,0
1523611399419,-327680,98,-56,-1,-1,0
1523611399419,-524288,98,-56,-1,-1,0
1523611399459,-720896,98,-56,-1,-1,0
1523611399459,-917504,98,-56,-1,-1,0
1523611399459,-983040,98,-56,-1,-1,0
1523611399459,-983040,98,-56,-1,-1,0
1523611399459,-917504,98,-56,-1,-1,0
1523611399499,-983040,98,-56,-1,-1,0
1523611399499,-1179648,98,-56,-1,-1,0
1523611399499,-589824,98,-56,-1,-1,0
1523611399499,1703936,98,-56,-1,-1,0
1523611399499,6422528,98,-56,-1,-1,0
1523611399539,11403264,98,-56,-1,-1,0
1523611399539,10878976,98,-56,-1,-1,0
1523611399539,4587520,98,-56,-1,-1,0
1523611399539,-655360,98,-56,-1,-1,0
1523611399539,-1310720,98,-56,-1,-1,0
1523611399579,-458752,98,-56,-1,-1,0
1523611399579,-131072,98,-56,-1,-1,0
1523611399579,-262144,98,-56,-1,-1,0
1523611399579,-524288,98,-56,-1,-1,0
1523611399579,-589824,98,-56,-1,-1,0
1523611399619,-589824,98,-56,-1,-1,0
1523611399619,-720896,98,-56,-1,-1,0
1523611399619,-983040,98,-56,-1,-1,0
1523611399619,-1048576,98,-56,-1,-1,0
1523611399619,-524288,98,-56,-1,-1,0
1523611399660,262144,98,-56,-1,-1,0
1523611399660,0,98,-56,-1,-1,0
1523611399660,-589824,98,-56,-1,-1,0
1523611399660,-589824,98,-56,-1,-1,0
1523611399660,0,98,-56,-1,-1,0
1523611399699,-131072,98,-56,-1,-1,0
1523611399699,196608,98,-56,-1,-1,0
1523611399699,851968,98,-56,-1,-1,0
1523611399699,1179648,98,-56,-1,-1,0
1523611399699,917504,98,-56,-1,-1,0
1523611399739,786432,98,-56,-1,-1,0
1523611399739,1572864,98,-56,-1,-1,0
1523611399739,2424832,98,-56,-1,-1,0
1523611399739,2424832,98,-56,-1,-1,0
1523611399739,2031616,98,-56,-1,-1,0
1523611399779,1507328,98,-56,-1,-1,0
1523611399779,917504,98,-56,-1,-1,0
1523611399779,131072,98,-56,-1,-1,0
1523611399779,-262144,98,-56,-1,-1,0
1523611399779,-589824,98,-56,-1,-1,0
1523611399820,-917504,98,-56,-1,-1,0
1523611399820,-1245184,98,-56,-1,-1,0
1523611399820,-1245184,98,-56,-1,-1,0
1523611399820,-1245184,98,-56,-1,-1,0
1523611399820,-983040,98,-56,-1,-1,0
1523611399860,-1114112,98,-56,-1,-1,0
1523611399860,-1507328,98,-56,-1,-1,0
1523611399860,-1703936,98,-56,-1,-1,0
1523611399860,-1310720,98,-56,-1,-1,0
1523611399860,-1048576,98,-56,-1,-1,0
1523611399899,-1114112,98,-56,-1,-1,0
1523611399899,-1572864,98,-56,-1,-1,0
1523611399899,-1441792,98,-56,-1,-1,0
1523611399899,-851968,98,-56,-1,-1,0
1523611399899,-786432,98,-56,-1,-1,0
1523611399939,-1572864,98,-56,-1,-1,0
1523611399939,-1703936,98,-56,-1,-1,0
1523611399939,-1572864,98,-56,-1,-1,0
1523611399939,-1245184,98,-56,-1,-1,0
1523611399939,-786432,98,-56,-1,-1,0
1523611399980,-524288,99,-56,-1,-1,0
1523611399980,-917504,99,-56,-1,-1,0
1523611399980,-1310720,99,-56,-1,-1,0
1523611399980,-786432,99,-56,-1,-1,0
1523611399980,-393216,99,-56,-1,-1,0
1523611400019,-327680,99,-56,-1,-1,0
1523611400019,-720896,99,-56,-1,-1,0
1523611400019,-1376256,99,-56,-1,-1,0
1523611400019,-1245184,99,-56,-1,-1,0
1523611400019,-524288,99,-56,-1,-1,0
1523611400060,-458752,99,-56,-1,-1,0
1523611400060,-917504,99,-56,-1,-1,0
1523611400060,-1245184,99,-56,-1,-1,0
1523611400060,-1048576,99,-56,-1,-1,0
1523611400060,-589824,99,-56,-1,-1,0
1523611400099,0,99,-56,-1,-1,0
1523611400099,1703936,99,-56,-1,-1,0
1523611400099,6029312,99,-56,-1,-1,0
1523611400099,10747904,99,-56,-1,-1,0
1523611400099,9699328,99,-56,-1,-1,0
1523611400139,3276800,99,-56,-1,-1,0
1523611400139,-1310720,99,-56,-1,-1,0
1523611400139,-2097152,99,-56,-1,-1,0
1523611400139,-1572864,99,-56,-1,-1,0
1523611400139,-786432,99,-56,-1,-1,0
1523611400179,-65536,99,-56,-1,-1,0
1523611400179,-262144,99,-56,-1,-1,0
1523611400179,-1114112,99,-56,-1,-1,0
1523611400179,-1441792,99,-56,-1,-1,0
1523611400179,-983040,99,-56,-1,-1,0
1523611400220,-524288,99,-56,-1,-1,0
1523611400220,-720896,99,-56,-1,-1,0
1523611400220,-983040,99,-56,-1,-1,0
1523611400220,-655360,99,-56,-1,-1,0
1523611400220,-720896,99,-56,-1,-1,0
1523611400259,-917504,99,-56,-1,-1,0
1523611400259,-196608,99,-56,-1,-1,0
1523611400259,393216,99,-56,-1,-1,0
1523611400259,327680,99,-56,-1,-1,0
1523611400259,0,99,-56,-1,-1,0
1523611400300,393216,99,-56,-1,-1,0
1523611400300,1310720,99,-56,-1,-1,0
1523611400300,1441792,99,-56,-1,-1,0
1523611400300,1376256,99,-56,-1,-1,0
1523611400300,1703936,99,-56,-1,-1,0
1523611400339,2424832,99,-56,-1,-1,0
1523611400339,2621440,99,-56,-1,-1,0
1523611400339,2818048,99,-56,-1,-1,0
1523611400339,2686976,99,-56,-1,-1,0
1523611400339,2031616,99,-56,-1,-1,0
1523611400380,1114112,99,-56,-1,-1,0
1523611400380,917504,99,-56,-1,-1,0
1523611400380,458752,99,-56,-1,-1,0
1523611400380,0,99,-56,-1,-1,0
1523611400380,0,99,-56,-1,-1,0
1523611400419,-262144,99,-56,-1,-1,0
1523611400419,-983040,99,-56,-1,-1,0
1523611400419,-1114112,99,-56,-1,-1,0
1523611400419,-851968,99,-56,-1,-1,0
1523611400419,-851968,99,-56,-1,-1,0
1523611400460,-983040,99,-56,-1,-1,0
1523611400460,-1114112,99,-56,-1,-1,0
1523611400460,-1441792,99,-56,-1,-1,0
1523611400460,-1966080,99,-56,-1,-1,0
1523611400460,-2162688,99,-56,-1,-1,0
1523611400499,-2162688,99,-56,-1,-1,0
1523611400499,-2621440,99,-56,-1,-1,0
1523611400499,-2490368,99,-56,-1,-1,0
1523611400499,-2621440,99,-56,-1,-1,0
1523611400499,-2883584,99,-56,-1,-1,0
1523611400540,-3342336,99,-56,-1,-1,0
1523611400540,-3276800,99,-56,-1,-1,0
1523611400540,-3342336,99,-56,-1,-1,0
1523611400540,-3276800,99,-56,-1,-1,0
1523611400540,-3407872,99,-56,-1,-1,0
1523611400579,-3211264,100,-56,-1,-1,0
1523611400579,-3276800,100,-56,-1,-1,0
1523611400579,-3407872,100,-56,-1,-1,0
1523611400579,-3670016,100,-56,-1,-1,0
1523611400579,-3801088,100,-56,-1,-1,0
1523611400619,-3932160,100,-56,-1,-1,0
1523611400619,-3997696,100,-56,-1,-1,0
1523611400619,-3932160,100,-56,-1,-1,0
1523611400619,-3801088,100,-56,-1,-1,0
1523611400619,-3735552,100,-56,-1,-1,0
1523611400659,-3735552,100,-56,-1,-1,0
1523611400659,-3670016,100,-56,-1,-1,0
1523611400659,-3473408,100,-56,-1,-1,0
1523611400659,-2555904,100,-56,-1,-1,0
1523611400659,131072,100,-56,-1,-1,0
1523611400699,5439488,100,-56,-1,-1,0
1523611400699,10551296,100,-56,-1,-1,0
1523611400699,9371648,100,-56,-1,-1,0
1523611400699,3014656,100,-56,-1,-1,0
1523611400699,-1310720,100,-56,-1,-1,0
1523611400739,-1114112,100,-56,-1,-1,0
1523611400739,0,100,-56,-1,-1,0
1523611400739,393216,100,-56,-1,-1,0
1523611400739,65536,100,-56,-1,-1,0
1523611400739,-196608,100,-56,-1,-1,0
1523611400780,0,100,-56,-1,-1,0
1523611400780,131072,100,-56,-1,-1,0
1523611400780,65536,100,-56,-1,-1,0
1523611400780,0,100,-56,-1,-1,0
1523611400780,0,100,-56,-1,-1,0
1523611400819,131072,100,-56,-1,-1,0
1523611400819,393216,100,-56,-1,-1,0
1523611400819,589824,100,-56,-1,-1,0
1523611400819,589824,100,-56,-1,-1,0
1523611400819,786432,100,-56,-1,-1,0
1523611400860,1114112,100,-56,-1,-1,0
1523611400860,1310720,100,-56,-1,-1,0
1523611400860,1638400,100,-56,-1,-1,0
1523611400860,2097152,100,-56,-1,-1,0
1523611400860,2424832,100,-56,-1,-1,0
1523611400899,2490368,100,-56,-1,-1,0
1523611400899,2686976,100,-56,-1,-1,0
1523611400899,2883584,100,-56,-1,-1,0
1523611400899,2949120,100,-56,-1,-1,0
1523611400899,2883584,100,-56,-1,-1,0
1523611400941,2686976,100,-56,-1,-1,0
1523611400941,2490368,100,-56,-1,-1,0
1523611400941,1966080,100,-56,-1,-1,0
1523611400941,1245184,100,-56,-1,-1,0
1523611400941,458752,100,-56,-1,-1,0
1523611400979,-65536,100,-56,-1,-1,0
1523611400979,-458752,100,-56,-1,-1,0
1523611400979,-393216,100,-56,-1,-1,0
1523611400979,-327680,100,-56,-1,-1,0
1523611400979,-524288,100,-56,-1,-1,0
1523611401020,-786432,100,-56,-1,-1,0
1523611401020,-589824,100,-56,-1,-1,0
1523611401020,-327680,100,-56,-1,-1,0
1523611401020,-131072,100,-56,-1,-1,0
1523611401020,-131072,100,-56,-1,-1,0
1523611401059,-196608,100,-56,-1,-1,0
1523611401059,-262144,100,-56,-1,-1,0
1523611401059,-262144,100,-56,-1,-1,0
1523611401059,-393216,100,-56,-1,-1,0
1523611401059,-327680,100,-56,-1,-1,0
1523611401100,-393216,100,-56,-1,-1,0
1523611401100,-458752,100,-56,-1,-1,0
1523611401100,-786432,100,-56,-1,-1,0
1523611401100,-1179648,100,-56,-1,-1,0
1523611401100,-655360,100,-56,-1,-1,0
1523611401139,-262144,100,-56,-1,-1,0
1523611401139,-524288,100,-56,-1,-1,0
1523611401139,-917504,100,-56,-1,-1,0
1523611401139,-1245184,100,-56,-1,-1,0
1523611401139,-1179648,100,-56,-1,-1,0
1523611401180,-1179648,100,-56,-1,-1,0
1523611401180,-1376256,100,-56,-1,-1,0
1523611401180,-1638400,100,-56,-1,-1,0
1523611401180,-1703936,100,-56,-1,-1,0
1523611401180,-1441792,100,-56,-1,-1,0
1523611401219,-1245184,100,-56,-1,-1,0
1523611401219,-1048576,100,-56,-1,-1,0
1523611401219,-1048576,100,-56,-1,-1,0
1523611401219,-1310720,100,-56,-1,-1,0
1523611401219,-1376256,100,-56,-1,-1,0
1523611401260,-1310720,100,-56,-1,-1,0
1523611401260,-1703936,100,-56,-1,-1,0
1523611401260,-1507328,100,-56,-1,-1,0
1523611401260,524288,100,-56,-1,-1,0
1523611401260,4325376,100,-56,-1,-1,0
1523611401300,8912896,100,-56,-1,-1,0
1523611401300,9895936,100,-56,-1,-1,0
1523611401300,5439488,100,-56,-1,-1,0
1523611401300,131072,100,-56,-1,-1,0
1523611401300,-1507328,100,-56,-1,-1,0
1523611401342,-1114112,100,-56,-1,-1,0
1523611401342,-458752,100,-56,-1,-1,0
1523611401342,-393216,100,-56,-1,-1,0
1523611401342,-327680,100,-56,-1,-1,0
1523611401342,-327680,100,-56,-1,-1,0
1523611401380,-327680,100,-56,-1,-1,0
1523611401380,-458752,100,-56,-1,-1,0
1523611401380,-655360,100,-56,-1,-1,0
1523611401380,-917504,100,-56,-1,-1,0
1523611401380,-524288,100,-56,-1,-1,0
1523611401420,0,100,-56,-1,-1,0
1523611401420,0,100,-56,-1,-1,0
1523611401420,0,100,-56,-1,-1,0
1523611401420,0,100,-56,-1,-1,0
1523611401420,-65536,100,-56,-1,-1,0
1523611401459,262144,100,-56,-1,-1,0
1523611401459,851968,100,-56,-1,-1,0
1523611401459,1179648,100,-56,-1,-1,0
1523611401459,1245184,100,-56,-1,-1,0
1523611401459,1114112,100,-56,-1,-1,0
1523611401500,1507328,100,-56,-1,-1,0
1523611401500,2031616,100,-56,-1,-1,0
1523611401500,2228224,100,-56,-1,-1,0
1523611401500,1900544,100,-56,-1,-1,0
1523611401500,1703936,100,-56,-1,-1,0
1523611401539,1966080,100,-56,-1,-1,0
1523611401539,1441792,100,-56,-1,-1,0
1523611401539,720896,100,-56,-1,-1,0
1523611401539,1048576,100,-56,-1,-1,0
1523611401539,1048576,100,-56,-1,-1,0
1523611401581,131072,100,-56,-1,-1,0
1523611401581,-458752,100,-56,-1,-1,0
1523611401581,-458752,100,-56,-1,-1,0
1523611401581,-1114112,100,-56,-1,-1,0
1523611401581,-851968,100,-56,-1,-1,0
1523611401620,-393216,100,-56,-1,-1,0
1523611401620,-786432,100,-56,-1,-1,0
1523611401620,-1245184,100,-56,-1,-1,0
1523611401620,-524288,100,-56,-1,-1,0
1523611401620,-327680,100,-56,-1,-1,0
1523611401660,-1048576,100,-56,-1,-1,0
1523611401660,-1376256,100,-56,-1,-1,0
1523611401660,-1507328,100,-56,-1,-1,0
1523611401660,-983040,100,-56,-1,-1,0
1523611401660,-1048576,100,-56,-1,-1,0
1523611401699,-1441792,100,-56,-1,-1,0
1523611401699,-1507328,100,-56,-1,-1,0
1523611401699,-1900544,100,-56,-1,-1,0
1523611401699,-1900544,100,-56,-1,-1,0
1523611401699,-2031616,100,-56,-1,-1,0
1523611401740,-2424832,101,-56,-1,-1,0
1523611401740,-2555904,101,-56,-1,-1,0
1523611401740,-1572864,101,-56,-1,-1,0
1523611401740,-1376256,101,-56,-1,-1,0
1523611401740,-1441792,101,-56,-1,-1,0
1523611401780,-1572864,101,-56,-1,-1,0
1523611401780,-1703936,101,-56,-1,-1,0
1523611401780,-1835008,101,-56,-1,-1,0
1523611401780,-1507328,101,-56,-1,-1,0
1523611401780,-1310720,101,-56,-1,-1,0
1523611401820,-1441792,101,-56,-1,-1,0
1523611401820,-1441792,101,-56,-1,-1,0
1523611401820,-1245184,101,-56,-1,-1,0
1523611401820,-1441792,101,-56,-1,-1,0
1523611401820,-917504,101,-56,-1,-1,0
1523611401859,-131072,101,-56,-1,-1,0
1523611401859,1572864,101,-56,-1,-1,0
1523611401859,5767168,101,-56,-1,-1,0
1523611401859,10616832,101,-56,-1,-1,0
1523611401859,10551296,101,-56,-1,-1,0
1523611401900,4718592,101,-56,-1,-1,0
1523611401900,-786432,101,-56,-1,-1,0
1523611401900,-1769472,101,-56,-1,-1,0
1523611401900,-1114112,101,-56,-1,-1,0
1523611401900,-1376256,101,-56,-1,-1,0
1523611401940,-1769472,101,-56,-1,-1,0
1523611401940,-1835008,101,-56,-1,-1,0
1523611401940,-1769472,101,-56,-1,-1,0
1523611401940,-1835008,101,-56,-1,-1,0
1523611401940,-2031616,101,-56,-1,-1,0
1523611401979,-1966080,101,-56,-1,-1,0
1523611401979,-1835008,101,-56,-1,-1,0
1523611401979,-1638400,101,-56,-1,-1,0
1523611401979,-1769472,101,-56,-1,-1,0
1523611401979,-1769472,101,-56,-1,-1,0
1523611402019,-1769472,101,-56,-1,-1,0
1523611402019,-1638400,101,-56,-1,-1,0
1523611402019,-1507328,101,-56,-1,-1,0
1523611402019,-1376256,101,-56,-1,-1,0
1523611402019,-1114112,101,-56,-1,-1,0
1523611402059,-589824,101,-56,-1,-1,0
1523611402059,-131072,101,-56,-1,-1,0
1523611402059,196608,101,-56,-1,-1,0
1523611402059,524288,101,-56,-1,-1,0
1523611402059,917504,101,-56,-1,-1,0
1523611402099,1114112,101,-56,-1,-1,0
1523611402099,1310720,101,-56,-1,-1,0
1523611402099,1441792,101,-56,-1,-1,0
1523611402099,1376256,101,-56,-1,-1,0
1523611402099,1179648,101,-56,-1,-1,0
1523611402139,786432,101,-56,-1,-1,0
1523611402139,327680,101,-56,-1,-1,0
1523611402139,0,101,-56,-1,-1,0
1523611402139,-262144,101,-56,-1,-1,0
1523611402139,-327680,101,-56,-1,-1,0
1523611402179,-196608,101,-56,-1,-1,0
1523611402179,196608,101,-56,-1,-1,0
1523611402179,655360,101,-56,-1,-1,0
1523611402179,917504,101,-56,-1,-1,0
1523611402179,786432,101,-56,-1,-1,0
1523611402221,720896,101,-56,-1,-1,0
1523611402221,720896,101,-56,-1,-1,0
1523611402221,589824,101,-56,-1,-1,0
1523611402221,131072,101,-56,-1,-1,0
1523611402221,-327680,101,-56,-1,-1,0
1523611402259,-589824,101,-56,-1,-1,0
1523611402259,-589824,101,-56,-1,-1,0
1523611402259,-589824,101,-56,-1,-1,0
1523611402259,-589824,101,-56,-1,-1,0
1523611402259,-589824,101,-56,-1,-1,0
1523611402299,-589824,102,-56,-1,-1,0
1523611402299,-393216,102,-56,-1,-1,0
1523611402299,-327680,102,-56,-1,-1,0
1523611402299,-262144,102,-56,-1,-1,0
1523611402299,-131072,102,-56,-1,-1,0
1523611402339,0,102,-56,-1,-1,0
1523611402339,-65536,102,-56,-1,-1,0
1523611402339,-327680,102,-56,-1,-1,0
1523611402339,-524288,102,-56,-1,-1,0
1523611402339,-458752,102,-56,-1,-1,0
1523611402379,-393216,102,-56,-1,-1,0
1523611402379,-720896,102,-56,-1,-1,0
1523611402379,-983040,102,-56,-1,-1,0
1523611402379,-917504,102,-56,-1,-1,0
1523611402379,-851968,102,-56,-1,-1,0
1523611402419,-786432,102,-56,-1,-1,0
1523611402419,-786432,102,-56,-1,-1,0
1523611402419,-262144,102,-56,-1,-1,0
1523611402419,2228224,102,-56,-1,-1,0
1523611402419,7471104,102,-56,-1,-1,0
1523611402459,11993088,102,-56,-1,-1,0
1523611402459,9961472,102,-56,-1,-1,0
1523611402459,3473408,102,-56,-1,-1,0
1523611402459,-917504,102,-56,-1,-1,0
1523611402459,-1048576,102,-56,-1,-1,0
1523611402499,-458752,102,-56,-1,-1,0
1523611402499,-458752,102,-56,-1,-1,0
1523611402499,-655360,102,-56,-1,-1,0
1523611402499,-327680,102,-56,-1,-1,0
1523611402499,0,102,-56,-1,-1,0
1523611402539,-131072,102,-56,-1,-1,0
1523611402539,-327680,102,-56,-1,-1,0
1523611402539,-196608,102,-56,-1,-1,0
1523611402539,0,102,-56,-1,-1,0
1523611402539,-131072,102,-56,-1,-1,0
1523611402579,-393216,102,-56,-1,-1,0
1523611402579,-196608,102,-56,-1,-1,0
1523611402579,458752,102,-56,-1,-1,0
1523611402579,720896,102,-56,-1,-1,0
1523611402579,393216,102,-56,-1,-1,0
1523611402619,393216,102,-56,-1,-1,0
1523611402619,589824,102,-56,-1,-1,0
1523611402619,393216,102,-56,-1,-1,0
1523611402619,524288,102,-56,-1,-1,0
1523611402619,983040,102,-56,-1,-1,0
1523611402662,1376256,102,-56,-1,-1,0
1523611402662,1310720,102,-56,-1,-1,0
1523611402662,1441792,102,-56,-1,-1,0
1523611402662,1441792,102,-56,-1,-1,0
1523611402662,983040,102,-56,-1,-1,0
1523611402699,720896,102,-56,-1,-1,0
1523611402699,1114112,102,-56,-1,-1,0
1523611402699,589824,102,-56,-1,-1,0
1523611402699,-458752,102,-56,-1,-1,0
1523611402699,-1114112,102,-56,-1,-1,0
1523611402739,-1507328,102,-56,-1,-1,0
1523611402739,-1769472,102,-56,-1,-1,0
1523611402739,-1638400,102,-56,-1,-1,0
1523611402739,-1310720,102,-56,-1,-1,0
1523611402739,-1310720,102,-56,-1,-1,0
1523611402779,-1703936,102,-56,-1,-1,0
1523611402779,-1835008,102,-56,-1,-1,0
1523611402779,-1507328,102,-56,-1,-1,0
1523611402779,-1245184,102,-56,-1,-1,0
1523611402779,-1572864,102,-56,-1,-1,0
1523611402819,-1835008,102,-56,-1,-1,0
1523611402819,-1769472,102,-56,-1,-1,0
1523611402819,-1703936,102,-56,-1,-1,0
1523611402819,-1376256,102,-56,-1,-1,0
1523611402819,-1310720,102,-56,-1,-1,0
1523611402861,-1245184,102,-56,-1,-1,0
1523611402861,-1441792,102,-56,-1,-1,0
1523611402861,-1900544,102,-56,-1,-1,0
1523611402861,-2490368,102,-56,-1,-1,0
1523611402861,-2097152,102,-56,-1,-1,0
1523611402899,-1572864,102,-56,-1,-1,0
1523611402899,-1179648,102,-56,-1,-1,0
1523611402899,-1310720,102,-56,-1,-1,0
1523611402899,-1507328,102,-56,-1,-1,0
1523611402899,-1835008,102,-56,-1,-1,0
1523611402939,-1703936,102,-56,-1,-1,0
1523611402939,-1638400,102,-56,-1,-1,0
1523611402939,-1638400,102,-56,-1,-1,0
1523611402939,-1703936,102,-56,-1,-1,0
1523611402939,-1572864,102,-56,-1,-1,0
1523611402979,-1376256,102,-56,-1,-1,0
1523611402979,-1441792,102,-56,-1,-1,0
1523611402979,-1376256,102,-56,-1,-1,0
1523611402979,-983040,102,-56,-1,-1,0
1523611402979,-458752,102,-56,-1,-1,0
1523611403019,393216,102,-56,-1,-1,0
1523611403019,2949120,102,-56,-1,-1,0
1523611403019,7602176,102,-56,-1,-1,0
1523611403019,10092544,102,-56,-1,-1,0
1523611403019,6684672,102,-56,-1,-1,0
1523611403059,1179648,102,-56,-1,-1,0
1523611403059,-1048576,102,-56,-1,-1,0
1523611403059,-917504,102,-56,-1,-1,0
1523611403059,-1310720,102,-56,-1,-1,0
1523611403059,-1310720,102,-56,-1,-1,0
1523611403099,0,102,-56,-1,-1,0
1523611403099,-262144,102,-56,-1,-1,0
1523611403099,-1179648,102,-56,-1,-1,0
1523611403099,-1179648,102,-56,-1,-1,0
1523611403099,-458752,102,-56,-1,-1,0
1523611403139,-458752,102,-56,-1,-1,0
1523611403139,-720896,102,-56,-1,-1,0
1523611403139,-786432,102,-56,-1,-1,0
1523611403139,-524288,102,-56,-1,-1,0
1523611403139,-65536,102,-56,-1,-1,0
1523611403179,-196608,102,-56,-1,-1,0
1523611403179,-196608,102,-56,-1,-1,0
1523611403179,0,102,-56,-1,-1,0
1523611403179,65536,102,-56,-1,-1,0
1523611403179,262144,102,-56,-1,-1,0
1523611403219,262144,102,-56,-1,-1,0
1523611403219,393216,102,-56,-1,-1,0
1523611403219,720896,102,-56,-1,-1,0
1523611403219,1245184,102,-56,-1,-1,0
1523611403219,1245184,102,-56,-1,-1,0
1523611403259,1441792,102,-56,-1,-1,0
1523611403259,2162688,102,-56,-1,-1,0
1523611403259,2162688,102,-56,-1,-1,0
1523611403259,1310720,102,-56,-1,-1,0
1523611403259,589824,102,-56,-1,-1,0
1523611403299,327680,102,-56,-1,-1,0
1523611403299,0,102,-56,-1,-1,0
1523611403299,0,102,-56,-1,-1,0
1523611403299,-327680,102,-56,-1,-1,0
1523611403299,-983040,102,-56,-1,-1,0
1523611403339,-786432,102,-56,-1,-1,0
1523611403339,-655360,102,-56,-1,-1,0
1523611403339,-786432,102,-56,-1,-1,0
1523611403339,-786432,102,-56,-1,-1,0
1523611403339,-786432,102,-56,-1,-1,0
1523611403379,-720896,102,-56,-1,-1,0
1523611403379,-589824,102,-56,-1,-1,0
1523611403379,-917504,102,-56,-1,-1,0
1523611403379,-983040,102,-56,-1,-1,0
1523611403379,-1245184,102,-56,-1,-1,0
1523611403419,-1441792,102,-56,-1,-1,0
1523611403419,-1703936,102,-56,-1,-1,0
1523611403419,-1507328,102,-56,-1,-1,0
1523611403419,-1376256,102,-56,-1,-1,0
1523611403419,-1769472,102,-56,-1,-1,0
1523611403459,-2162688,102,-56,-1,-1,0
1523611403459,-1835008,102,-56,-1,-1,0
1523611403459,-1769472,102,-56,-1,-1,0
1523611403459,-1900544,102,-56,-1,-1,0
1523611403459,-1900544,102,-56,-1,-1,0
1523611403501,-1900544,102,-56,-1,-1,0
1523611403501,-1966080,102,-56,-1,-1,0
1523611403501,-1966080,102,-56,-1,-1,0
1523611403501,-1835008,102,-56,-1,-1,0
1523611403501,-1703936,102,-56,-1,-1,0
1523611403539,-1638400,102,-56,-1,-1,0
1523611403539,-1572864,102,-56,-1,-1,0
1523611403539,-1507328,102,-56,-1,-1,0
1523611403539,-1376256,102,-56,-1,-1,0
1523611403539,-1179648,102,-56,-1,-1,0
1523611403579,-1048576,102,-56,-1,-1,0
1523611403579,-393216,102,-56,-1,-1,0
1523611403579,1638400,102,-56,-1,-1,0
1523611403579,5898240,102,-56,-1,-1,0
1523611403579,11206656,102,-56,-1,-1,0
1523611403619,11862016,102,-56,-1,-1,0
1523611403619,6291456,102,-56,-1,-1,0
1523611403619,524288,102,-56,-1,-1,0
1523611403619,-655360,102,-56,-1,-1,0
1523611403619,65536,102,-56,-1,-1,0
1523611403659,458752,102,-56,-1,-1,0
1523611403659,327680,102,-56,-1,-1,0
1523611403659,327680,102,-56,-1,-1,0
1523611403659,458752,102,-56,-1,-1,0
1523611403659,327680,102,-56,-1,-1,0
1523611403699,262144,102,-56,-1,-1,0
1523611403699,262144,102,-56,-1,-1,0
1523611403699,393216,102,-56,-1,-1,0
1523611403699,458752,102,-56,-1,-1,0
1523611403699,524288,102,-56,-1,-1,0
1523611403739,786432,102,-56,-1,-1,0
1523611403739,1048576,102,-56,-1,-1,0
1523611403739,1310720,102,-56,-1,-1,0
1523611403739,1769472,102,-56,-1,-1,0
1523611403739,2097152,102,-56,-1,-1,0
1523611403779,2031616,102,-56,-1,-1,0
1523611403779,2031616,102,-56,-1,-1,0
1523611403779,2228224,102,-56,-1,-1,0
1523611403779,2621440,102,-56,-1,-1,0
1523611403779,2686976,102,-56,-1,-1,0
1523611403819,2621440,102,-56,-1,-1,0
1523611403819,2555904,102,-56,-1,-1,0
1523611403819,2818048,102,-56,-1,-1,0
1523611403819,2818048,102,-56,-1,-1,0
1523611403819,2293760,102,-56,-1,-1,0
1523611403859,1703936,102,-56,-1,-1,0
1523611403859,1310720,102,-56,-1,-1,0
1523611403859,589824,102,-56,-1,-1,0
1523611403859,-393216,102,-56,-1,-1,0
1523611403859,-917504,102,-56,-1,-1,0
1523611403899,-589824,102,-56,-1,-1,0
1523611403899,-196608,102,-56,-1,-1,0
1523611403899,-393216,102,-56,-1,-1,0
1523611403899,-589824,102,-56,-1,-1,0
1523611403899,-393216,102,-56,-1,-1,0
1523611403939,-196608,102,-56,-1,-1,0
1523611403939,-458752,102,-56,-1,-1,0
1523611403939,-655360,102,-56,-1,-1,0
1523611403939,-589824,102,-56,-1,-1,0
1523611403939,-786432,102,-56,-1,-1,0
1523611403979,-983040,102,-56,-1,-1,0
1523611403979,-983040,102,-56,-1,-1,0
1523611403979,-851968,102,-56,-1,-1,0
1523611403979,-983040,102,-56,-1,-1,0
1523611403979,-1114112,102,-56,-1,-1,0
1523611404019,-1179648,102,-56,-1,-1,0
1523611404019,-917504,102,-56,-1,-1,0
1523611404019,-524288,102,-56,-1,-1,0
1523611404019,-983040,102,-56,-1,-1,0
1523611404019,-1900544,102,-56,-1,-1,0
1523611404059,-1769472,102,-56,-1,-1,0
1523611404059,-1048576,102,-56,-1,-1,0
1523611404059,-786432,102,-56,-1,-1,0
1523611404059,-983040,102,-56,-1,-1,0
1523611404059,-1310720,102,-56,-1,-1,0
1523611404099,-1769472,102,-56,-1,-1,0
1523611404099,-1900544,102,-56,-1,-1,0
1523611404099,-1507328,102,-56,-1,-1,0
1523611404099,-1245184,102,-56,-1,-1,0
1523611404099,-1441792,102,-56,-1,-1,0
1523611404141,-1835008,102,-56,-1,-1,0
1523611404141,-1703936,102,-56,-1,-1,0
1523611404141,-1900544,102,-56,-1,-1,0
1523611404141,-1114112,102,-56,-1,-1,0
1523611404141,1638400,102,-56,-1,-1,0
1523611404179,6422528,102,-56,-1,-1,0
1523611404179,9371648,102,-56,-1,-1,0
1523611404179,6750208,102,-56,-1,-1,0
1523611404179,786432,102,-56,-1,-1,0
1523611404179,-2162688,102,-56,-1,-1,0
1523611404219,-1441792,102,-56,-1,-1,0
1523611404219,-524288,102,-56,-1,-1,0
1523611404219,-589824,102,-56,-1,-1,0
1523611404219,-1245184,102,-56,-1,-1,0
1523611404219,-1966080,102,-56,-1,-1,0
1523611404259,-1441792,102,-56,-1,-1,0
1523611404259,-720896,102,-56,-1,-1,0
1523611404259,-917504,102,-56,-1,-1,0
1523611404259,-1179648,102,-56,-1,-1,0
1523611404259,-983040,102,-56,-1,-1,0
1523611404299,-786432,102,-56,-1,-1,0
1523611404299,-851968,102,-56,-1,-1,0
1523611404299,-1114112,102,-56,-1,-1,0
1523611404299,-589824,102,-56,-1,-1,0
1523611404299,-458752,102,-56,-1,-1,0
1523611404339,0,102,-56,-1,-1,0
1523611404339,327680,102,-56,-1,-1,0
1523611404339,589824,102,-56,-1,-1,0
1523611404339,458752,102,-56,-1,-1,0
1523611404339,1179648,102,-56,-1,-1,0
1523611404379,2031616,102,-56,-1,-1,0
1523611404379,2293760,102,-56,-1,-1,0
1523611404379,1966080,102,-56,-1,-1,0
1523611404379,1376256,102,-56,-1,-1,0
1523611404379,1376256,102,-56,-1,-1,0
1523611404419,1703936,102,-56,-1,-1,0
1523611404419,1703936,102,-56,-1,-1,0
1523611404419,1245184,102,-56,-1,-1,0
1523611404419,1179648,102,-56,-1,-1,0
1523611404419,1310720,102,-56,-1,-1,0
1523611404459,786432,102,-56,-1,-1,0
1523611404459,262144,102,-56,-1,-1,0
1523611404459,-196608,102,-56,-1,-1,0
1523611404459,-851968,102,-56,-1,-1,0
1523611404459,-524288,102,-56,-1,-1,0
1523611404499,0,102,-56,-1,-1,0
1523611404499,0,102,-56,-1,-1,0
1523611404499,-720896,102,-56,-1,-1,0
1523611404499,-720896,102,-56,-1,-1,0
1523611404499,-589824,102,-56,-1,-1,0
1523611404539,-983040,102,-56,-1,-1,0
1523611404539,-1048576,102,-56,-1,-1,0
1523611404539,-1376256,102,-56,-1,-1,0
1523611404539,-1245184,102,-56,-1,-1,0
1523611404539,-1245184,102,-56,-1,-1,0
1523611404579,-1507328,102,-56,-1,-1,0
1523611404579,-1900544,102,-56,-1,-1,0
1523611404579,-1769472,102,-56,-1,-1,0
1523611404579,-1245184,102,-56,-1,-1,0
1523611404579,-917504,102,-56,-1,-1,0
1523611404619,-1048576,102,-56,-1,-1,0
1523611404619,-917504,102,-56,-1,-1,0
1523611404619,-720896,102,-56,-1,-1,0
1523611404619,-393216,102,-56,-1,-1,0
1523611404619,-393216,102,-56,-1,-1,0
1523611404659,-786432,102,-56,-1,-1,0
1523611404659,-851968,102,-56,-1,-1,0
1523611404659,-196608,102,-56,-1,-1,0
1523611404659,-262144,102,-56,-1,-1,0
1523611404659,-786432,102,-56,-1,-1,0
1523611404699,-786432,102,-56,-1,-1,0
1523611404699,-262144,102,-56,-1,-1,0
1523611404699,-524288,102,-56,-1,-1,0
1523611404699,-589824,102,-56,-1,-1,0
1523611404699,327680,102,-56,-1,-1,0
1523611404739,3932160,102,-56,-1,-1,0
1523611404739,9043968,102,-56,-1,-1,0
1523611404739,11796480,102,-56,-1,-1,0
1523611404739,8454144,102,-56,-1,-1,0
1523611404739,1966080,102,-56,-1,-1,0
1523611404781,-1703936,102,-56,-1,-1,0
1523611404781,-1769472,102,-56,-1,-1,0
1523611404781,-1572864,102,-56,-1,-1,0
1523611404781,-1835008,102,-56,-1,-1,0
1523611404781,-2228224,102,-56,-1,-1,0
1523611404819,-2555904,102,-56,-1,-1,0
1523611404819,-2490368,102,-56,-1,-1,0
1523611404819,-2424832,102,-56,-1,-1,0
1523611404819,-2359296,102,-56,-1,-1,0
1523611404819,-2555904,102,-56,-1,-1,0
1523611404859,-2424832,102,-56,-1,-1,0
1523611404859,-2228224,102,-56,-1,-1,0
1523611404859,-2228224,102,-56,-1,-1,0
1523611404859,-2162688,102,-56,-1,-1,0
1523611404859,-2097152,102,-56,-1,-1,0
1523611404899,-2031616,102,-56,-1,-1,0
1523611404899,-1835008,102,-56,-1,-1,0
1523611404899,-1507328,102,-56,-1,-1,0
1523611404899,-1441792,102,-56,-1,-1,0
1523611404899,-1179648,102,-56,-1,-1,0
1523611404939,-786432,102,-56,-1,-1,0
1523611404939,-458752,102,-56,-1,-1,0
1523611404939,-196608,102,-56,-1,-1,0
1523611404939,65536,102,-56,-1,-1,0
1523611404939,327680,102,-56,-1,-1,0
1523611404979,589824,102,-56,-1,-1,0
1523611404979,524288,102,-56,-1,-1,0
1523611404979,131072,102,-56,-1,-1,0
1523611404979,-458752,102,-56,-1,-1,0
1523611404979,-1048576,102,-56,-1,-1,0
1523611405019,-1441792,102,-56,-1,-1,0
1523611405019,-1441792,102,-56,-1,-1,0
1523611405019,-1310720,102,-56,-1,-1,0
1523611405019,-1179648,102,-56,-1,-1,0
1523611405019,-983040,102,-56,-1,-1,0
1523611405059,-655360,102,-56,-1,-1,0
1523611405059,-262144,102,-56,-1,-1,0
1523611405059,0,102,-56,-1,-1,0
1523611405059,262144,102,-56,-1,-1,0
1523611405059,589824,102,-56,-1,-1,0
1523611405099,851968,102,-56,-1,-1,0
1523611405099,983040,102,-56,-1,-1,0
1523611405099,851968,102,-56,-1,-1,0
1523611405099,524288,102,-56,-1,-1,0
1523611405099,196608,102,-56,-1,-1,0
1523611405139,0,103,-56,-1,-1,0
1523611405139,-65536,103,-56,-1,-1,0
1523611405139,-131072,103,-56,-1,-1,0
1523611405139,-327680,103,-56,-1,-1,0
1523611405139,-524288,103,-56,-1,-1,0
1523611405179,-458752,103,-56,-1,-1,0
1523611405179,-393216,103,-56,-1,-1,0
1523611405179,-327680,103,-56,-1,-1,0
1523611405179,-327680,103,-56,-1,-1,0
1523611405179,-327680,103,-56,-1,-1,0
1523611405219,-196608,103,-56,-1,-1,0
1523611405219,-196608,103,-56,-1,-1,0
1523611405219,-262144,103,-56,-1,-1,0
1523611405219,-393216,103,-56,-1,-1,0
1523611405219,-393216,103,-56,-1,-1,0
1523611405259,-458752,103,-56,-1,-1,0
1523611405259,-589824,103,-56,-1,-1,0
1523611405259,-589824,103,-56,-1,-1,0
1523611405259,65536,103,-56,-1,-1,0
1523611405259,2949120,103,-56,-1,-1,0
1523611405299,8388608,103,-56,-1,-1,0
1523611405299,12713984,103,-56,-1,-1,0
1523611405299,10158080,103,-56,-1,-1,0
1523611405299,3080192,103,-56,-1,-1,0
1523611405299,-1376256,103,-56,-1,-1,0
1523611405339,-1572864,103,-56,-1,-1,0
1523611405339,-917504,103,-56,-1,-1,0
1523611405339,-655360,103,-56,-1,-1,0
1523611405339,-524288,103,-56,-1,-1,0
1523611405339,-458752,103,-56,-1,-1,0
1523611405379,-524288,103,-56,-1,-1,0
1523611405379,-720896,103,-56,-1,-1,0
1523611405379,-393216,103,-56,-1,-1,0
1523611405379,0,103,-56,-1,-1,0
1523611405379,0,103,-56,-1,-1,0
1523611405421,-65536,103,-56,-1,-1,0
1523611405421,0,103,-56,-1,-1,0
1523611405421,131072,103,-56,-1,-1,0
1523611405421,327680,103,-56,-1,-1,0
1523611405421,458752,103,-56,-1,-1,0
1523611405459,655360,103,-56,-1,-1,0
1523611405459,196608,103,-56,-1,-1,0
1523611405459,262144,103,-56,-1,-1,0
1523611405459,524288,103,-56,-1,-1,0
1523611405459,917504,103,-56,-1,-1,0
1523611405499,1114112,103,-56,-1,-1,0
1523611405499,1245184,103,-56,-1,-1,0
1523611405499,1835008,103,-56,-1,-1,0
1523611405499,2424832,103,-56,-1,-1,0
1523611405499,2097152,103,-56,-1,-1,0
1523611405539,1048576,103,-56,-1,-1,0
1523611405539,458752,103,-56,-1,-1,0
1523611405539,655360,103,-56,-1,-1,0
1523611405539,-262144,103,-56,-1,-1,0
1523611405539,-524288,103,-56,-1,-1,0
1523611405579,-589824,103,-56,-1,-1,0
1523611405579,-1245184,103,-56,-1,-1,0
1523611405579,-2031616,103,-56,-1,-1,0
1523611405579,-1572864,103,-56,-1,-1,0
1523611405579,-1310720,103,-56,-1,-1,0
1523611405619,-1507328,103,-56,-1,-1,0
1523611405619,-1441792,103,-56,-1,-1,0
1523611405619,-1638400,103,-56,-1,-1,0
1523611405619,-1900544,103,-56,-1,-1,0
1523611405619,-1703936,103,-56,-1,-1,0
1523611405659,-1572864,103,-56,-1,-1,0
1523611405659,-1638400,103,-56,-1,-1,0
1523611405659,-1835008,103,-56,-1,-1,0
1523611405659,-1835008,103,-56,-1,-1,0
1523611405659,-1900544,103,-56,-1,-1,0
1523611405699,-1703936,103,-56,-1,-1,0
1523611405699,-2097152,103,-56,-1,-1,0
1523611405699,-2031616,103,-56,-1,-1,0
1523611405699,-1703936,103,-56,-1,-1,0
1523611405699,-1638400,103,-56,-1,-1,0
1523611405739,-2031616,103,-56,-1,-1,0
1523611405739,-1835008,103,-56,-1,-1,0
1523611405739,-1048576,103,-56,-1,-1,0
1523611405739,-786432,103,-56,-1,-1,0
1523611405739,-1441792,103,-56,-1,-1,0
1523611405779,-2293760,103,-56,-1,-1,0
1523611405779,-2818048,103,-56,-1,-1,0
1523611405779,-2359296,103,-56,-1,-1,0
1523611405779,-1638400,103,-56,-1,-1,0
1523611405779,-1769472,103,-56,-1,-1,0
1523611405819,-2555904,103,-56,-1,-1,0
1523611405819,-2949120,103,-56,-1,-1,0
1523611405819,-2424832,103,-56,-1,-1,0
1523611405819,-851968,103,-56,-1,-1,0
1523611405819,1966080,103,-56,-1,-1,0
1523611405859,6684672,103,-56,-1,-1,0
1523611405859,9306112,103,-56,-1,-1,0
1523611405859,6488064,103,-56,-1,-1,0
1523611405859,1048576,103,-56,-1,-1,0
1523611405859,-1638400,103,-56,-1,-1,0
1523611405899,-1900544,103,-56,-1,-1,0
1523611405899,-1114112,103,-56,-1,-1,0
1523611405899,-720896,103,-56,-1,-1,0
1523611405899,-458752,103,-56,-1,-1,0
1523611405899,-720896,103,-56,-1,-1,0
1523611405939,-917504,103,-56,-1,-1,0
1523611405939,-917504,103,-56,-1,-1,0
1523611405939,-983040,103,-56,-1,-1,0
1523611405939,-720896,103,-56,-1,-1,0
1523611405939,-262144,103,-56,-1,-1,0
1523611405979,196608,103,-56,-1,-1,0
1523611405979,0,103,-56,-1,-1,0
1523611405979,-720896,103,-56,-1,-1,0
1523611405979,-393216,103,-56,-1,-1,0
1523611405979,196608,103,-56,-1,-1,0
1523611406019,458752,103,-56,-1,-1,0
1523611406019,196608,103,-56,-1,-1,0
1523611406019,393216,103,-56,-1,-1,0
1523611406019,327680,103,-56,-1,-1,0
1523611406019,720896,103,-56,-1,-1,0
1523611406060,1179648,103,-56,-1,-1,0
1523611406060,1376256,103,-56,-1,-1,0
1523611406060,1245184,103,-56,-1,-1,0
1523611406060,786432,103,-56,-1,-1,0
1523611406060,851968,103,-56,-1,-1,0
1523611406099,1048576,103,-56,-1,-1,0
1523611406099,1310720,103,-56,-1,-1,0
1523611406099,589824,103,-56,-1,-1,0
1523611406099,0,103,-56,-1,-1,0
1523611406099,0,103,-56,-1,-1,0
1523611406139,-131072,103,-56,-1,-1,0
1523611406139,-720896,103,-56,-1,-1,0
1523611406139,-655360,103,-56,-1,-1,0
1523611406139,-327680,103,-56,-1,-1,0
1523611406139,-196608,103,-56,-1,-1,0
1523611406179,-524288,103,-56,-1,-1,0
1523611406179,-262144,103,-56,-1,-1,0
1523611406179,131072,103,-56,-1,-1,0
1523611406179,0,103,-56,-1,-1,0
1523611406179,-131072,103,-56,-1,-1,0
1523611406219,-65536,103,-56,-1,-1,0
1523611406219,-131072,103,-56,-1,-1,0
1523611406219,-131072,103,-56,-1,-1,0
1523611406219,65536,103,-56,-1,-1,0
1523611406219,262144,103,-56,-1,-1,0
1523611406259,-65536,103,-56,-1,-1,0
1523611406259,-458752,103,-56,-1,-1,0
1523611406259,-458752,103,-56,-1,-1,0
1523611406259,-262144,103,-56,-1,-1,0
1523611406259,-262144,103,-56,-1,-1,0
1523611406300,-458752,103,-56,-1,-1,0
1523611406300,-720896,103,-56,-1,-1,0
1523611406300,-983040,103,-56,-1,-1,0
1523611406300,-1310720,103,-56,-1,-1,0
1523611406300,-1376256,103,-56,-1,-1,0
1523611406339,-1441792,103,-56,-1,-1,0
1523611406339,-1572864,103,-56,-1,-1,0
1523611406339,-1769472,103,-56,-1,-1,0
1523611406339,-1835008,103,-56,-1,-1,0
1523611406339,-1835008,103,-56,-1,-1,0
1523611406379,-2031616,103,-56,-1,-1,0
1523611406379,-2031616,103,-56,-1,-1,0
1523611406379,-1638400,103,-56,-1,-1,0
1523611406379,131072,103,-56,-1,-1,0
1523611406379,3997696,103,-56,-1,-1,0
1523611406419,9240576,103,-56,-1,-1,0
1523611406419,9961472,103,-56,-1,-1,0
1523611406419,4456448,103,-56,-1,-1,0
1523611406419,-1048576,103,-56,-1,-1,0
1523611406419,-2031616,103,-56,-1,-1,0
1523611406459,-1245184,103,-56,-1,-1,0
1523611406459,-720896,103,-56,-1,-1,0
1523611406459,-524288,103,-56,-1,-1,0
1523611406459,-196608,103,-56,-1,-1,0
1523611406459,65536,103,-56,-1,-1,0
1523611406499,327680,103,-56,-1,-1,0
1523611406499,589824,103,-56,-1,-1,0
1523611406499,983040,103,-56,-1,-1,0
1523611406499,1441792,103,-56,-1,-1,0
1523611406499,1572864,103,-56,-1,-1,0
1523611406539,1507328,103,-56,-1,-1,0
1523611406539,1638400,103,-56,-1,-1,0
1523611406539,1835008,103,-56,-1,-1,0
1523611406539,1900544,103,-56,-1,-1,0
1523611406539,1835008,103,-56,-1,-1,0
1523611406579,1835008,103,-56,-1,-1,0
1523611406579,1769472,103,-56,-1,-1,0
1523611406579,1835008,103,-56,-1,-1,0
1523611406579,1966080,103,-56,-1,-1,0
1523611406579,2228224,103,-56,-1,-1,0
1523611406619,2424832,103,-56,-1,-1,0
1523611406619,2424832,103,-56,-1,-1,0
1523611406619,2490368,103,-56,-1,-1,0
1523611406619,2686976,103,-56,-1,-1,0
1523611406619,2621440,103,-56,-1,-1,0
1523611406659,2424832,103,-56,-1,-1,0
1523611406659,2293760,103,-56,-1,-1,0
1523611406659,2031616,103,-56,-1,-1,0
1523611406659,1507328,103,-56,-1,-1,0
1523611406659,851968,103,-56,-1,-1,0
1523611406700,262144,103,-56,-1,-1,0
1523611406700,-65536,103,-56,-1,-1,0
1523611406700,-262144,103,-56,-1,-1,0
1523611406700,-196608,103,-56,-1,-1,0
1523611406700,-131072,103,-56,-1,-1,0
1523611406739,-196608,103,-56,-1,-1,0
1523611406739,-262144,103,-56,-1,-1,0
1523611406739,-327680,103,-56,-1,-1,0
1523611406739,-458752,103,-56,-1,-1,0
1523611406739,-589824,103,-56,-1,-1,0
1523611406779,-524288,104,-56,-1,-1,0
1523611406779,-458752,104,-56,-1,-1,0
1523611406779,-393216,104,-56,-1,-1,0
1523611406779,-524288,104,-56,-1,-1,0
1523611406779,-720896,104,-56,-1,-1,0
1523611406819,-917504,104,-56,-1,-1,0
1523611406819,-786432,104,-56,-1,-1,0
1523611406819,-524288,104,-56,-1,-1,0
1523611406819,-524288,104,-56,-1,-1,0
1523611406819,-524288,104,-56,-1,-1,0
1523611406859,-196608,104,-56,-1,-1,0
1523611406859,-131072,104,-56,-1,-1,0
1523611406859,-655360,104,-56,-1,-1,0
1523611406859,-983040,104,-56,-1,-1,0
1523611406859,-1048576,104,-56,-1,-1,0
1523611406899,-1114112,104,-56,-1,-1,0
1523611406899,-1376256,104,-56,-1,-1,0
1523611406899,-1441792,104,-56,-1,-1,0
1523611406899,-1441792,104,-56,-1,-1,0
1523611406899,-1245184,104,-56,-1,-1,0
1523611406939,-1245184,104,-56,-1,-1,0
1523611406939,-1900544,104,-56,-1,-1,0
1523611406939,-1310720,104,-56,-1,-1,0
1523611406939,2162688,104,-56,-1,-1,0
1523611406939,7929856,104,-56,-1,-1,0
1523611406979,10289152,104,-56,-1,-1,0
1523611406979,6291456,104,-56,-1,-1,0
1523611406979,393216,104,-56,-1,-1,0
1523611406979,-1900544,104,-56,-1,-1,0
1523611406979,-1769472,104,-56,-1,-1,0
1523611407019,-1769472,104,-56,-1,-1,0
1523611407019,-2228224,104,-56,-1,-1,0
1523611407019,-2490368,104,-56,-1,-1,0
1523611407019,-2228224,104,-56,-1,-1,0
1523611407019,-2162688,104,-56,-1,-1,0
1523611407059,-1703936,104,-56,-1,-1,0
1523611407059,-917504,104,-56,-1,-1,0
1523611407059,-786432,104,-56,-1,-1,0
1523611407059,-1572864,104,-56,-1,-1,0
1523611407059,-1835008,104,-56,-1,-1,0
1523611407099,-1376256,104,-56,-1,-1,0
1523611407099,-983040,104,-56,-1,-1,0
1523611407099,-917504,104,-56,-1,-1,0
1523611407099,-589824,104,-56,-1,-1,0
1523611407099,196608,104,-56,-1,-1,0
1523611407139,458752,104,-56,-1,-1,0
1523611407139,-327680,104,-56,-1,-1,0
1523611407139,-786432,104,-56,-1,-1,0
1523611407139,0,104,-56,-1,-1,0
1523611407139,851968,104,-56,-1,-1,0
1523611407179,786432,104,-56,-1,-1,0
1523611407179,524288,104,-56,-1,-1,0
1523611407179,589824,104,-56,-1,-1,0
1523611407179,786432,104,-56,-1,-1,0
1523611407179,786432,104,-56,-1,-1,0
1523611407219,589824,104,-56,-1,-1,0
1523611407219,-327680,104,-56,-1,-1,0
1523611407219,-1245184,104,-56,-1,-1,0
1523611407219,-1769472,104,-56,-1,-1,0
1523611407219,-1900544,104,-56,-1,-1,0
1523611407259,-1638400,104,-56,-1,-1,0
1523611407259,-1310720,104,-56,-1,-1,0
1523611407259,-1835008,104,-56,-1,-1,0
1523611407259,-1769472,104,-56,-1,-1,0
1523611407259,-1441792,104,-56,-1,-1,0
1523611407299,-1572864,104,-56,-1,-1,0
1523611407299,-1638400,104,-56,-1,-1,0
1523611407299,-1769472,104,-56,-1,-1,0
1523611407299,-2031616,104,-56,-1,-1,0
1523611407299,-1900544,104,-56,-1,-1,0
1523611407340,-1048576,104,-56,-1,-1,0
1523611407340,-589824,104,-56,-1,-1,0
1523611407340,-1310720,104,-56,-1,-1,0
1523611407340,-1835008,104,-56,-1,-1,0
1523611407340,-1835008,104,-56,-1,-1,0
1523611407379,-1310720,104,-56,-1,-1,0
1523611407379,-1441792,104,-56,-1,-1,0
1523611407379,-1376256,104,-56,-1,-1,0
1523611407379,-589824,104,-56,-1,-1,0
1523611407379,-327680,104,-56,-1,-1,0
1523611407419,-589824,104,-56,-1,-1,0
1523611407419,-1245184,104,-56,-1,-1,0
1523611407419,-1245184,104,-56,-1,-1,0
1523611407419,-1507328,104,-56,-1,-1,0
1523611407419,-1769472,104,-56,-1,-1,0
1523611407459,-1638400,104,-56,-1,-1,0
1523611407459,-983040,104,-56,-1,-1,0
1523611407459,-1048576,104,-56,-1,-1,0
1523611407459,-1376256,104,-56,-1,-1,0
1523611407459,-1310720,104,-56,-1,-1,0
1523611407499,-262144,104,-56,-1,-1,0
1523611407499,2555904,104,-56,-1,-1,0
1523611407499,7798784,104,-56,-1,-1,0
1523611407499,11272192,104,-56,-1,-1,0
1523611407499,8060928,104,-56,-1,-1,0
1523611407539,1703936,104,-56,-1,-1,0
1523611407539,-1310720,104,-56,-1,-1,0
1523611407539,-720896,104,-56,-1,-1,0
1523611407539,-786432,104,-56,-1,-1,0
1523611407539,-851968,104,-56,-1,-1,0
1523611407579,-458752,104,-56,-1,-1,0
1523611407579,-196608,104,-56,-1,-1,0
1523611407579,-524288,104,-56,-1,-1,0
1523611407579,-851968,104,-56,-1,-1,0
1523611407579,-1048576,104,-56,-1,-1,0
1523611407619,-720896,104,-56,-1,-1,0
1523611407619,-327680,104,-56,-1,-1,0
1523611407619,0,104,-56,-1,-1,0
1523611407619,-262144,104,-56,-1,-1,0
1523611407619,-262144,104,-56,-1,-1,0
1523611407660,327680,104,-56,-1,-1,0
1523611407660,524288,104,-56,-1,-1,0
1523611407660,786432,104,-56,-1,-1,0
1523611407660,1114112,104,-56,-1,-1,0
1523611407660,1245184,104,-56,-1,-1,0
1523611407699,1376256,104,-56,-1,-1,0
1523611407699,1703936,104,-56,-1,-1,0
1523611407699,1769472,104,-56,-1,-1,0
1523611407699,1703936,104,-56,-1,-1,0
1523611407699,1638400,104,-56,-1,-1,0
1523611407739,1638400,104,-56,-1,-1,0
1523611407739,1703936,104,-56,-1,-1,0
1523611407739,1572864,104,-56,-1,-1,0
1523611407739,1179648,104,-56,-1,-1,0
1523611407739,589824,104,-56,-1,-1,0
1523611407779,65536,104,-56,-1,-1,0
1523611407779,-393216,104,-56,-1,-1,0
1523611407779,-786432,104,-56,-1,-1,0
1523611407779,-1179648,104,-56,-1,-1,0
1523611407779,-1441792,104,-56,-1,-1,0
1523611407819,-1572864,104,-56,-1,-1,0
1523611407819,-1703936,104,-56,-1,-1,0
1523611407819,-1703936,104,-56,-1,-1,0
1523611407819,-1769472,104,-56,-1,-1,0
1523611407819,-1835008,104,-56,-1,-1,0
1523611407859,-1900544,104,-56,-1,-1,0
1523611407859,-1900544,104,-56,-1,-1,0
1523611407859,-1835008,104,-56,-1,-1,0
1523611407859,-1769472,104,-56,-1,-1,0
1523611407859,-1769472,104,-56,-1,-1,0
1523611407899,-1638400,104,-56,-1,-1,0
1523611407899,-1507328,104,-56,-1,-1,0
1523611407899,-1245184,104,-56,-1,-1,0
1523611407899,-1048576,104,-56,-1,-1,0
1523611407899,-655360,104,-56,-1,-1,0
1523611407939,-458752,104,-56,-1,-1,0
1523611407939,-262144,104,-56,-1,-1,0
1523611407939,-327680,104,-56,-1,-1,0
1523611407939,-262144,104,-56,-1,-1,0
1523611407939,-65536,104,-56,-1,-1,0
1523611407980,131072,104,-56,-1,-1,0
1523611407980,196608,104,-56,-1,-1,0
1523611407980,65536,104,-56,-1,-1,0
1523611407980,-131072,104,-56,-1,-1,0
1523611407980,-262144,104,-56,-1,-1,0
1523611408019,-262144,104,-56,-1,-1,0
1523611408019,0,104,-56,-1,-1,0
1523611408019,524288,104,-56,-1,-1,0
1523611408019,2490368,104,-56,-1,-1,0
1523611408019,6553600,104,-56,-1,-1,0
1523611408059,10944512,104,-56,-1,-1,0
1523611408059,9961472,104,-56,-1,-1,0
1523611408059,3866624,104,-56,-1,-1,0
1523611408059,-917504,104,-56,-1,-1,0
1523611408059,-1245184,104,-56,-1,-1,0
1523611408099,-458752,104,-56,-1,-1,0
1523611408099,-65536,104,-56,-1,-1,0
1523611408099,0,104,-56,-1,-1,0
1523611408099,0,104,-56,-1,-1,0
1523611408099,65536,104,-56,-1,-1,0
1523611408139,0,104,-56,-1,-1,0
1523611408139,0,104,-56,-1,-1,0
1523611408139,-65536,104,-56,-1,-1,0
1523611408139,0,104,-56,-1,-1,0
1523611408139,65536,104,-56,-1,-1,0
1523611408179,196608,104,-56,-1,-1,0
1523611408179,262144,104,-56,-1,-1,0
1523611408179,262144,104,-56,-1,-1,0
1523611408179,458752,104,-56,-1,-1,0
1523611408179,655360,104,-56,-1,-1,0
1523611408219,917504,104,-56,-1,-1,0
1523611408219,1310720,104,-56,-1,-1,0
1523611408219,1507328,104,-56,-1,-1,0
1523611408219,1572864,104,-56,-1,-1,0
1523611408219,1703936,104,-56,-1,-1,0
1523611408259,1769472,104,-56,-1,-1,0
1523611408259,1638400,104,-56,-1,-1,0
1523611408259,1507328,104,-56,-1,-1,0
1523611408259,1572864,104,-56,-1,-1,0
1523611408259,1638400,104,-56,-1,-1,0
1523611408299,1507328,104,-56,-1,-1,0
1523611408299,1114112,104,-56,-1,-1,0
1523611408299,720896,104,-56,-1,-1,0
1523611408299,131072,104,-56,-1,-1,0
1523611408299,-393216,104,-56,-1,-1,0
1523611408339,-720896,104,-56,-1,-1,0
1523611408339,-524288,104,-56,-1,-1,0
1523611408339,-786432,104,-56,-1,-1,0
1523611408339,-1310720,104,-56,-1,-1,0
1523611408339,-1376256,104,-56,-1,-1,0
1523611408379,-1114112,104,-56,-1,-1,0
1523611408379,-1048576,104,-56,-1,-1,0
1523611408379,-1048576,104,-56,-1,-1,0
1523611408379,-917504,104,-56,-1,-1,0
1523611408379,-917504,104,-56,-1,-1,0
1523611408419,-917504,105,-56,-1,-1,0
1523611408419,-1769472,105,-56,-1,-1,0
1523611408419,-2031616,105,-56,-1,-1,0
1523611408419,-1703936,105,-56,-1,-1,0
1523611408419,-1441792,105,-56,-1,-1,0
1523611408459,-1179648,105,-56,-1,-1,0
1523611408459,-1114112,105,-56,-1,-1,0
1523611408459,-1507328,105,-56,-1,-1,0
1523611408459,-1835008,105,-56,-1,-1,0
1523611408459,-1572864,105,-56,-1,-1,0
1523611408499,-1179648,105,-56,-1,-1,0
1523611408499,-1507328,105,-56,-1,-1,0
1523611408499,-1769472,105,-56,-1,-1,0
1523611408499,-1638400,105,-56,-1,-1,0
1523611408499,-1245184,105,-56,-1,-1,0
1523611408539,-1179648,105,-56,-1,-1,0
1523611408539,-1441792,105,-56,-1,-1,0
1523611408539,-1966080,105,-56,-1,-1,0
1523611408539,-2097152,105,-56,-1,-1,0
1523611408539,-1769472,105,-56,-1,-1,0
1523611408579,-458752,105,-56,-1,-1,0
1523611408579,2752512,105,-56,-1,-1,0
1523611408579,7143424,105,-56,-1,-1,0
1523611408579,9240576,105,-56,-1,-1,0
1523611408579,5701632,105,-56,-1,-1,0
1523611408620,-65536,105,-56,-1,-1,0
1523611408620,-2686976,105,-56,-1,-1,0
1523611408620,-1966080,105,-56,-1,-1,0
1523611408620,-1048576,105,-56,-1,-1,0
1523611408620,-1310720,105,-56,-1,-1,0
1523611408660,-1638400,105,-56,-1,-1,0
1523611408660,-1835008,105,-56,-1,-1,0
1523611408660,-1441792,105,-56,-1,-1,0
1523611408660,-1048576,105,-56,-1,-1,0
1523611408660,-983040,105,-56,-1,-1,0
1523611408699,-1572864,105,-56,-1,-1,0
1523611408699,-1441792,105,-56,-1,-1,0
1523611408699,-1114112,105,-56,-1,-1,0
1523611408699,-720896,105,-56,-1,-1,0
1523611408699,-983040,105,-56,-1,-1,0
1523611408739,-1310720,105,-56,-1,-1,0
1523611408739,-1048576,105,-56,-1,-1,0
1523611408739,-327680,105,-56,-1,-1,0
1523611408739,131072,105,-56,-1,-1,0
1523611408739,196608,105,-56,-1,-1,0
1523611408779,524288,105,-56,-1,-1,0
1523611408779,983040,105,-56,-1,-1,0
1523611408779,1245184,105,-56,-1,-1,0
1523611408779,720896,105,-56,-1,-1,0
1523611408779,262144,105,-56,-1,-1,0
1523611408819,786432,105,-56,-1,-1,0
1523611408819,1703936,105,-56,-1,-1,0
1523611408819,1703936,105,-56,-1,-1,0
1523611408819,917504,105,-56,-1,-1,0
1523611408819,131072,105,-56,-1,-1,0
1523611408859,655360,105,-56,-1,-1,0
1523611408859,786432,105,-56,-1,-1,0
1523611408859,-196608,105,-56,-1,-1,0
1523611408859,-1310720,105,-56,-1,-1,0
1523611408859,-1179648,105,-56,-1,-1,0
1523611408899,-655360,105,-56,-1,-1,0
1523611408899,-983040,105,-56,-1,-1,0
1523611408899,-1114112,105,-56,-1,-1,0
1523611408899,-1048576,105,-56,-1,-1,0
1523611408899,-589824,105,-56,-1,-1,0
1523611408939,-655360,106,-56,-1,-1,0
1523611408939,-1114112,106,-56,-1,-1,0
1523611408939,-1245184,106,-56,-1,-1,0
1523611408939,-1310720,106,-56,-1,-1,0
1523611408939,-1769472,106,-56,-1,-1,0
1523611408979,-2162688,106,-56,-1,-1,0
1523611408979,-1572864,106,-56,-1,-1,0
1523611408979,-1572864,106,-56,-1,-1,0
1523611408979,-1441792,106,-56,-1,-1,0
1523611408979,-1441792,106,-56,-1,-1,0
1523611409019,-983040,106,-56,-1,-1,0
1523611409019,-1310720,106,-56,-1,-1,0
1523611409019,-851968,106,-56,-1,-1,0
1523611409019,-196608,106,-56,-1,-1,0
1523611409019,-851968,106,-56,-1,-1,0
1523611409059,-1048576,106,-56,-1,-1,0
1523611409059,-786432,106,-56,-1,-1,0
1523611409059,-196608,106,-56,-1,-1,0
1523611409059,-393216,106,-56,-1,-1,0
1523611409059,-393216,106,-56,-1,-1,0
1523611409099,-131072,106,-56,-1,-1,0
1523611409099,0,106,-56,-1,-1,0
1523611409099,-262144,106,-56,-1,-1,0
1523611409099,327680,106,-56,-1,-1,0
1523611409099,3932160,106,-56,-1,-1,0
1523611409139,9633792,106,-56,-1,-1,0
1523611409139,11665408,106,-56,-1,-1,0
1523611409139,7471104,106,-56,-1,-1,0
1523611409139,983040,106,-56,-1,-1,0
1523611409139,-1376256,106,-56,-1,-1,0
1523611409179,-1310720,106,-56,-1,-1,0
1523611409179,-1245184,106,-56,-1,-1,0
1523611409179,-1507328,106,-56,-1,-1,0
1523611409179,-1441792,106,-56,-1,-1,0
1523611409179,-1572864,106,-56,-1,-1,0
1523611409219,-1376256,106,-56,-1,-1,0
1523611409219,-1441792,106,-56,-1,-1,0
1523611409219,-1245184,106,-56,-1,-1,0
1523611409219,-1310720,106,-56,-1,-1,0
1523611409219,-1114112,106,-56,-1,-1,0
1523611409260,-1114112,106,-56,-1,-1,0
1523611409260,-786432,106,-56,-1,-1,0
1523611409260,-524288,106,-56,-1,-1,0
1523611409260,-196608,106,-56,-1,-1,0
1523611409260,-131072,106,-56,-1,-1,0
1523611409299,65536,106,-56,-1,-1,0
1523611409299,393216,106,-56,-1,-1,0
1523611409299,720896,106,-56,-1,-1,0
1523611409299,1179648,106,-56,-1,-1,0
1523611409299,1638400,106,-56,-1,-1,0
1523611409339,1966080,106,-56,-1,-1,0
1523611409339,2162688,106,-56,-1,-1,0
1523611409339,2359296,106,-56,-1,-1,0
1523611409339,2490368,106,-56,-1,-1,0
1523611409339,2621440,106,-56,-1,-1,0
1523611409379,2621440,106,-56,-1,-1,0
1523611409379,2555904,106,-56,-1,-1,0
1523611409379,2293760,106,-56,-1,-1,0
1523611409379,1966080,106,-56,-1,-1,0
1523611409379,1572864,106,-56,-1,-1,0
1523611409419,1310720,106,-56,-1,-1,0
1523611409419,983040,106,-56,-1,-1,0
1523611409419,589824,106,-56,-1,-1,0
1523611409419,262144,106,-56,-1,-1,0
1523611409419,0,106,-56,-1,-1,0
1523611409459,-262144,106,-56,-1,-1,0
1523611409459,-262144,106,-56,-1,-1,0
1523611409459,-65536,106,-56,-1,-1,0
1523611409459,-65536,106,-56,-1,-1,0
1523611409459,-262144,106,-56,-1,-1,0
1523611409499,-262144,107,-56,-1,-1,0
1523611409499,-196608,107,-56,-1,-1,0
1523611409499,-262144,107,-56,-1,-1,0
1523611409499,-327680,107,-56,-1,-1,0
1523611409499,-393216,107,-56,-1,-1,0
1523611409539,-393216,107,-56,-1,-1,0
1523611409539,-196608,107,-56,-1,-1,0
1523611409539,-131072,107,-56,-1,-1,0
1523611409539,-196608,107,-56,-1,-1,0
1523611409539,-262144,107,-56,-1,-1,0
1523611409579,-131072,107,-56,-1,-1,0
1523611409579,0,107,-56,-1,-1,0
1523611409579,-131072,107,-56,-1,-1,0
1523611409579,-327680,107,-56,-1,-1,0
1523611409579,-655360,107,-56,-1,-1,0
1523611409619,-851968,107,-56,-1,-1,0
1523611409619,-917504,107,-56,-1,-1,0
1523611409619,-786432,107,-56,-1,-1,0
1523611409619,-917504,107,-56,-1,-1,0
1523611409619,-524288,107,-56,-1,-1,0
1523611409659,1048576,107,-56,-1,-1,0
1523611409659,5046272,107,-56,-1,-1,0
1523611409659,10420224,107,-56,-1,-1,0
1523611409659,11403264,107,-56,-1,-1,0
1523611409659,5570560,107,-56,-1,-1,0
1523611409699,-589824,107,-56,-1,-1,0
1523611409699,-1900544,107,-56,-1,-1,0
1523611409699,-1048576,107,-56,-1,-1,0
1523611409699,-720896,107,-56,-1,-1,0
1523611409699,-851968,107,-56,-1,-1,0
1523611409740,-983040,107,-56,-1,-1,0
1523611409740,-851968,107,-56,-1,-1,0
1523611409740,-720896,107,-56,-1,-1,0
1523611409740,-655360,107,-56,-1,-1,0
1523611409740,-720896,107,-56,-1,-1,0
1523611409779,-720896,107,-56,-1,-1,0
1523611409779,-720896,107,-56,-1,-1,0
1523611409779,-983040,107,-56,-1,-1,0
1523611409779,-983040,107,-56,-1,-1,0
1523611409779,-655360,107,-56,-1,-1,0
1523611409819,-196608,107,-56,-1,-1,0
1523611409819,-262144,107,-56,-1,-1,0
1523611409819,-65536,107,-56,-1,-1,0
1523611409819,131072,107,-56,-1,-1,0
1523611409819,-262144,107,-56,-1,-1,0
1523611409859,-196608,107,-56,-1,-1,0
1523611409859,327680,107,-56,-1,-1,0
1523611409859,786432,107,-56,-1,-1,0
1523611409859,655360,107,-56,-1,-1,0
1523611409859,458752,107,-56,-1,-1,0
1523611409900,720896,107,-56,-1,-1,0
1523611409900,655360,107,-56,-1,-1,0
1523611409900,196608,107,-56,-1,-1,0
1523611409900,-524288,107,-56,-1,-1,0
1523611409900,-851968,107,-56,-1,-1,0
1523611409942,-1310720,107,-56,-1,-1,0
1523611409942,-1966080,107,-56,-1,-1,0
1523611409942,-2097152,107,-56,-1,-1,0
1523611409942,-1507328,107,-56,-1,-1,0
1523611409942,-1441792,107,-56,-1,-1,0
1523611409979,-1441792,107,-56,-1,-1,0
1523611409979,-1507328,107,-56,-1,-1,0
1523611409979,-1507328,107,-56,-1,-1,0
1523611409979,-1966080,107,-56,-1,-1,0
1523611409979,-1966080,107,-56,-1,-1,0
1523611410019,-1703936,107,-56,-1,-1,0
1523611410019,-1638400,107,-56,-1,-1,0
1523611410019,-1900544,107,-56,-1,-1,0
1523611410019,-1703936,107,-56,-1,-1,0
1523611410019,-1376256,107,-56,-1,-1,0
1523611410059,-1310720,107,-56,-1,-1,0
1523611410059,-1507328,107,-56,-1,-1,0
1523611410059,-1572864,107,-56,-1,-1,0
1523611410059,-1507328,107,-56,-1,-1,0
1523611410059,-1507328,107,-56,-1,-1,0
1523611410099,-2031616,107,-56,-1,-1,0
1523611410099,-2097152,107,-56,-1,-1,0
1523611410099,-1966080,107,-56,-1,-1,0
1523611410099,-1966080,107,-56,-1,-1,0
1523611410099,-2162688,107,-56,-1,-1,0
1523611410139,-1900544,107,-56,-1,-1,0
1523611410139,-1966080,107,-56,-1,-1,0
1523611410139,-2359296,107,-56,-1,-1,0
1523611410139,-2424832,107,-56,-1,-1,0
1523611410139,-1703936,107,-56,-1,-1,0
1523611410179,-1245184,107,-56,-1,-1,0
1523611410179,-983040,107,-56,-1,-1,0
1523611410179,524288,107,-56,-1,-1,0
1523611410179,4849664,107,-56,-1,-1,0
1523611410179,9043968,107,-56,-1,-1,0
1523611410219,8519680,107,-56,-1,-1,0
1523611410219,3407872,107,-56,-1,-1,0
1523611410219,-720896,107,-56,-1,-1,0
1523611410219,-1310720,107,-56,-1,-1,0
1523611410219,-917504,107,-56,-1,-1,0
1523611410259,-1245184,107,-56,-1,-1,0
1523611410259,-1703936,107,-56,-1,-1,0
1523611410259,-1507328,107,-56,-1,-1,0
1523611410259,-851968,107,-56,-1,-1,0
1523611410259,-524288,107,-56,-1,-1,0
1523611410299,-917504,107,-56,-1,-1,0
1523611410299,-1245184,107,-56,-1,-1,0
1523611410299,-917504,107,-56,-1,-1,0
1523611410299,-131072,107,-56,-1,-1,0
1523611410299,-65536,107,-56,-1,-1,0
1523611410339,-327680,107,-56,-1,-1,0
1523611410339,-262144,107,-56,-1,-1,0
1523611410339,262144,107,-56,-1,-1,0
1523611410339,786432,107,-56,-1,-1,0
1523611410339,655360,107,-56,-1,-1,0
1523611410379,524288,107,-56,-1,-1,0
1523611410379,917504,107,-56,-1,-1,0
1523611410379,1376256,107,-56,-1,-1,0
1523611410379,983040,107,-56,-1,-1,0
1523611410379,983040,107,-56,-1,-1,0
1523611410419,1507328,107,-56,-1,-1,0
1523611410419,1376256,107,-56,-1,-1,0
1523611410419,917504,107,-56,-1,-1,0
1523611410419,983040,107,-56,-1,-1,0
1523611410419,1245184,107,-56,-1,-1,0
1523611410459,851968,107,-56,-1,-1,0
1523611410459,393216,107,-56,-1,-1,0
1523611410459,327680,107,-56,-1,-1,0
1523611410459,262144,107,-56,-1,-1,0
1523611410459,-65536,107,-56,-1,-1,0
1523611410499,-196608,107,-56,-1,-1,0
1523611410499,-393216,107,-56,-1,-1,0
1523611410499,-458752,107,-56,-1,-1,0
1523611410499,196608,107,-56,-1,-1,0
1523611410499,393216,107,-56,-1,-1,0
1523611410540,327680,107,-56,-1,-1,0
1523611410540,0,107,-56,-1,-1,0
1523611410540,0,107,-56,-1,-1,0
1523611410540,-131072,107,-56,-1,-1,0
1523611410540,-458752,107,-56,-1,-1,0
1523611410579,-786432,107,-56,-1,-1,0
1523611410579,-655360,107,-56,-1,-1,0
1523611410579,-393216,107,-56,-1,-1,0
1523611410579,-458752,107,-56,-1,-1,0
1523611410579,-851968,107,-56,-1,-1,0
1523611410619,-1114112,107,-56,-1,-1,0
1523611410619,-1048576,107,-56,-1,-1,0
1523611410619,-1114112,107,-56,-1,-1,0
1523611410619,-1376256,107,-56,-1,-1,0
1523611410619,-1703936,107,-56,-1,-1,0
1523611410659,-1966080,107,-56,-1,-1,0
1523611410659,-1966080,107,-56,-1,-1,0
1523611410659,-2031616,107,-56,-1,-1,0
1523611410659,-2097152,107,-56,-1,-1,0
1523611410659,-2097152,107,-56,-1,-1,0
1523611410699,-2162688,107,-56,-1,-1,0
1523611410699,-2162688,107,-56,-1,-1,0
1523611410699,-2162688,107,-56,-1,-1,0
1523611410699,-1835008,107,-56,-1,-1,0
1523611410699,-393216,107,-56,-1,-1,0
1523611410739,2883584,107,-56,-1,-1,0
1523611410739,7995392,107,-56,-1,-1,0
1523611410739,9764864,107,-56,-1,-1,0
1523611410739,5242880,107,-56,-1,-1,0
1523611410739,-655360,107,-56,-1,-1,0
1523611410779,-2424832,107,-56,-1,-1,0
1523611410779,-1703936,107,-56,-1,-1,0
1523611410779,-1114112,107,-56,-1,-1,0
1523611410779,-983040,107,-56,-1,-1,0
1523611410779,-851968,107,-56,-1,-1,0
1523611410819,-720896,107,-56,-1,-1,0
1523611410819,-393216,107,-56,-1,-1,0
1523611410819,-65536,107,-56,-1,-1,0
1523611410819,262144,107,-56,-1,-1,0
1523611410819,393216,107,-56,-1,-1,0
1523611410859,589824,107,-56,-1,-1,0
1523611410859,851968,107,-56,-1,-1,0
1523611410859,983040,107,-56,-1,-1,0
1523611410859,851968,107,-56,-1,-1,0
1523611410859,917504,107,-56,-1,-1,0
1523611410899,1245184,107,-56,-1,-1,0
1523611410899,1507328,107,-56,-1,-1,0
1523611410899,1572864,107,-56,-1,-1,0
1523611410899,1638400,107,-56,-1,-1,0
1523611410899,1769472,107,-56,-1,-1,0
1523611410939,1966080,107,-56,-1,-1,0
1523611410939,2031616,107,-56,-1,-1,0
1523611410939,2031616,107,-56,-1,-1,0
1523611410939,2097152,107,-56,-1,-1,0
1523611410939,2097152,107,-56,-1,-1,0
1523611410979,2031616,107,-56,-1,-1,0
1523611410979,1900544,107,-56,-1,-1,0
1523611410979,1638400,107,-56,-1,-1,0
1523611410979,1245184,107,-56,-1,-1,0
1523611410979,851968,107,-56,-1,-1,0
1523611411019,589824,107,-56,-1,-1,0
1523611411019,393216,107,-56,-1,-1,0
1523611411019,0,107,-56,-1,-1,0
1523611411019,-131072,107,-56,-1,-1,0
1523611411019,-196608,107,-56,-1,-1,0
1523611411059,-131072,108,-56,-1,-1,0
1523611411059,-65536,108,-56,-1,-1,0
1523611411059,-262144,108,-56,-1,-1,0
1523611411059,-589824,108,-56,-1,-1,0
1523611411059,-524288,108,-56,-1,-1,0
1523611411099,-458752,108,-56,-1,-1,0
1523611411099,-786432,108,-56,-1,-1,0
1523611411099,-851968,108,-56,-1,-1,0
1523611411099,-851968,108,-56,-1,-1,0
1523611411099,-655360,108,-56,-1,-1,0
1523611411139,-720896,108,-56,-1,-1,0
1523611411139,-786432,108,-56,-1,-1,0
1523611411139,-786432,108,-56,-1,-1,0
1523611411139,-720896,108,-56,-1,-1,0
1523611411139,-589824,108,-56,-1,-1,0
1523611411180,-524288,108,-56,-1,-1,0
1523611411180,-524288,108,-56,-1,-1,0
1523611411180,-720896,108,-56,-1,-1,0
1523611411180,-1114112,108,-56,-1,-1,0
1523611411180,-1245184,108,-56,-1,-1,0
1523611411219,-1179648,108,-56,-1,-1,0
1523611411219,-1310720,108,-56,-1,-1,0
1523611411219,-1572864,108,-56,-1,-1,0
1523611411219,-1507328,108,-56,-1,-1,0
1523611411219,-1245184,108,-56,-1,-1,0
1523611411259,-786432,108,-56,-1,-1,0
1523611411259,655360,108,-56,-1,-1,0
1523611411259,4521984,108,-56,-1,-1,0
1523611411259,9240576,108,-56,-1,-1,0
1523611411259,9568256,108,-56,-1,-1,0
1523611411299,3997696,108,-56,-1,-1,0
1523611411299,-1507328,108,-56,-1,-1,0
1523611411299,-2752512,108,-56,-1,-1,0
1523611411299,-1900544,108,-56,-1,-1,0
1523611411299,-1310720,108,-56,-1,-1,0
1523611411339,-1703936,108,-56,-1,-1,0
1523611411339,-2162688,108,-56,-1,-1,0
1523611411339,-2293760,108,-56,-1,-1,0
1523611411339,-2228224,108,-56,-1,-1,0
1523611411339,-2162688,108,-56,-1,-1,0
1523611411379,-2228224,108,-56,-1,-1,0
1523611411379,-2555904,108,-56,-1,-1,0
1523611411379,-2097152,108,-56,-1,-1,0
1523611411379,-1114112,108,-56,-1,-1,0
1523611411379,-786432,108,-56,-1,-1,0
1523611411419,-1245184,108,-56,-1,-1,0
1523611411419,-1507328,108,-56,-1,-1,0
1523611411419,-983040,108,-56,-1,-1,0
1523611411419,-458752,108,-56,-1,-1,0
1523611411419,-65536,108,-56,-1,-1,0
1523611411459,65536,108,-56,-1,-1,0
1523611411459,327680,108,-56,-1,-1,0
1523611411459,327680,108,-56,-1,-1,0
1523611411459,262144,108,-56,-1,-1,0
1523611411459,393216,108,-56,-1,-1,0
1523611411499,655360,108,-56,-1,-1,0
1523611411499,262144,108,-56,-1,-1,0
1523611411499,-65536,108,-56,-1,-1,0
1523611411499,0,108,-56,-1,-1,0
1523611411499,458752,108,-56,-1,-1,0
1523611411539,131072,108,-56,-1,-1,0
1523611411539,-917504,108,-56,-1,-1,0
1523611411539,-1703936,108,-56,-1,-1,0
1523611411539,-1507328,108,-56,-1,-1,0
1523611411539,-1441792,108,-56,-1,-1,0
1523611411579,-2031616,108,-56,-1,-1,0
1523611411579,-2424832,108,-56,-1,-1,0
1523611411579,-2228224,108,-56,-1,-1,0
1523611411579,-1441792,108,-56,-1,-1,0
1523611411579,-1179648,108,-56,-1,-1,0
1523611411619,-1835008,109,-56,-1,-1,0
1523611411619,-2228224,109,-56,-1,-1,0
1523611411619,-1507328,109,-56,-1,-1,0
1523611411619,-655360,109,-56,-1,-1,0
1523611411619,-1048576,109,-56,-1,-1,0
1523611411659,-2031616,109,-56,-1,-1,0
1523611411659,-1769472,109,-56,-1,-1,0
1523611411659,-983040,109,-56,-1,-1,0
1523611411659,-851968,109,-56,-1,-1,0
1523611411659,-1572864,109,-56,-1,-1,0
1523611411699,-1703936,109,-56,-1,-1,0
1523611411699,-1179648,109,-56,-1,-1,0
1523611411699,-720896,109,-56,-1,-1,0
1523611411699,-1048576,109,-56,-1,-1,0
1523611411699,-1572864,109,-56,-1,-1,0
1523611411739,-851968,109,-56,-1,-1,0
1523611411739,-262144,109,-56,-1,-1,0
1523611411739,-1179648,109,-56,-1,-1,0
1523611411739,-1900544,109,-56,-1,-1,0
1523611411739,-1310720,109,-56,-1,-1,0
1523611411779,-786432,109,-56,-1,-1,0
1523611411779,-786432,109,-56,-1,-1,0
1523611411779,524288,109,-56,-1,-1,0
1523611411779,5111808,109,-56,-1,-1,0
1523611411779,11010048,109,-56,-1,-1,0
1523611411820,10551296,109,-56,-1,-1,0
1523611411820,4784128,109,-56,-1,-1,0
1523611411820,131072,109,-56,-1,-1,0
1523611411820,-786432,109,-56,-1,-1,0
1523611411820,-1310720,109,-56,-1,-1,0
1523611411859,-1114112,109,-56,-1,-1,0
1523611411859,-655360,109,-56,-1,-1,0
1523611411859,-393216,109,-56,-1,-1,0
1523611411859,-131072,109,-56,-1,-1,0
1523611411859,0,109,-56,-1,-1,0
1523611411899,-131072,109,-56,-1,-1,0
1523611411899,-393216,109,-56,-1,-1,0
1523611411899,-655360,109,-56,-1,-1,0
1523611411899,-720896,109,-56,-1,-1,0
1523611411899,-262144,109,-56,-1,-1,0
1523611411939,-65536,109,-56,-1,-1,0
1523611411939,0,109,-56,-1,-1,0
1523611411939,131072,109,-56,-1,-1,0
1523611411939,196608,109,-56,-1,-1,0
1523611411939,589824,109,-56,-1,-1,0
1523611411979,1179648,109,-56,-1,-1,0
1523611411979,1638400,109,-56,-1,-1,0
1523611411979,1572864,109,-56,-1,-1,0
1523611411979,1769472,109,-56,-1,-1,0
1523611411979,1769472,109,-56,-1,-1,0
1523611412019,1900544,109,-56,-1,-1,0
1523611412019,1769472,109,-56,-1,-1,0
1523611412019,1703936,109,-56,-1,-1,0
1523611412019,1441792,109,-56,-1,-1,0
1523611412019,1507328,109,-56,-1,-1,0
1523611412059,1179648,109,-56,-1,-1,0
1523611412059,917504,109,-56,-1,-1,0
1523611412059,524288,109,-56,-1,-1,0
1523611412059,196608,109,-56,-1,-1,0
1523611412059,-262144,109,-56,-1,-1,0
1523611412099,-262144,109,-56,-1,-1,0
1523611412099,-393216,109,-56,-1,-1,0
1523611412099,-524288,109,-56,-1,-1,0
1523611412099,-720896,109,-56,-1,-1,0
1523611412099,-720896,109,-56,-1,-1,0
1523611412141,-786432,110,-56,-1,-1,0
1523611412141,-983040,110,-56,-1,-1,0
1523611412141,-1048576,110,-56,-1,-1,0
1523611412141,-983040,110,-56,-1,-1,0
1523611412141,-1114112,110,-56,-1,-1,0
1523611412179,-1376256,110,-56,-1,-1,0
1523611412179,-1376256,110,-56,-1,-1,0
1523611412179,-1245184,110,-56,-1,-1,0
1523611412179,-1179648,110,-56,-1,-1,0
1523611412179,-1179648,110,-56,-1,-1,0
1523611412219,-1114112,110,-56,-1,-1,0
1523611412219,-1048576,110,-56,-1,-1,0
1523611412219,-1179648,110,-56,-1,-1,0
1523611412219,-1376256,110,-56,-1,-1,0
1523611412219,-1376256,110,-56,-1,-1,0
1523611412259,-1376256,110,-56,-1,-1,0
1523611412259,-1310720,110,-56,-1,-1,0
1523611412259,-1179648,110,-56,-1,-1,0
1523611412259,-1048576,110,-56,-1,-1,0
1523611412259,-983040,110,-56,-1,-1,0
1523611412299,-983040,110,-56,-1,-1,0
1523611412299,-917504,110,-56,-1,-1,0
1523611412299,-196608,110,-56,-1,-1,0
1523611412299,2162688,110,-56,-1,-1,0
1523611412299,6815744,110,-56,-1,-1,0
1523611412339,11403264,110,-56,-1,-1,0
1523611412339,10354688,110,-56,-1,-1,0
1523611412339,4521984,110,-56,-1,-1,0
1523611412339,262144,110,-56,-1,-1,0
1523611412339,0,110,-56,-1,-1,0
1523611412379,393216,110,-56,-1,-1,0
1523611412379,458752,110,-56,-1,-1,0
1523611412379,655360,110,-56,-1,-1,0
1523611412379,851968,110,-56,-1,-1,0
1523611412379,720896,110,-56,-1,-1,0
1523611412419,458752,110,-56,-1,-1,0
1523611412419,262144,110,-56,-1,-1,0
1523611412419,196608,110,-56,-1,-1,0
1523611412419,196608,110,-56,-1,-1,0
1523611412419,262144,110,-56,-1,-1,0
1523611412460,458752,110,-56,-1,-1,0
1523611412460,720896,110,-56,-1,-1,0
1523611412460,851968,110,-56,-1,-1,0
1523611412460,983040,110,-56,-1,-1,0
1523611412460,1245184,110,-56,-1,-1,0
1523611412499,1638400,110,-56,-1,-1,0
1523611412499,1900544,110,-56,-1,-1,0
1523611412499,1966080,110,-56,-1,-1,0
1523611412499,1966080,110,-56,-1,-1,0
1523611412499,1966080,110,-56,-1,-1,0
1523611412539,1900544,110,-56,-1,-1,0
1523611412539,1769472,110,-56,-1,-1,0
1523611412539,1638400,110,-56,-1,-1,0
1523611412539,1572864,110,-56,-1,-1,0
1523611412539,1507328,110,-56,-1,-1,0
1523611412579,1310720,110,-56,-1,-1,0
1523611412579,851968,110,-56,-1,-1,0
1523611412579,262144,110,-56,-1,-1,0
1523611412579,-131072,110,-56,-1,-1,0
1523611412579,-393216,110,-56,-1,-1,0
1523611412619,-589824,110,-56,-1,-1,0
1523611412619,-655360,110,-56,-1,-1,0
1523611412619,-655360,110,-56,-1,-1,0
1523611412619,-524288,110,-56,-1,-1,0
1523611412619,-393216,110,-56,-1,-1,0
1523611412659,-524288,110,-56,-1,-1,0
1523611412659,-786432,110,-56,-1,-1,0
1523611412659,-851968,110,-56,-1,-1,0
1523611412659,-851968,110,-56,-1,-1,0
1523611412659,-720896,110,-56,-1,-1,0
1523611412699,-589824,110,-56,-1,-1,0
1523611412699,-786432,110,-56,-1,-1,0
1523611412699,-1179648,110,-56,-1,-1,0
1523611412699,-1310720,110,-56,-1,-1,0
1523611412699,-1376256,110,-56,-1,-1,0
1523611412739,-1048576,110,-56,-1,-1,0
1523611412739,-655360,110,-56,-1,-1,0
1523611412739,-393216,110,-56,-1,-1,0
1523611412739,-655360,110,-56,-1,-1,0
1523611412739,-983040,110,-56,-1,-1,0
1523611412779,-1507328,110,-56,-1,-1,0
1523611412779,-1966080,110,-56,-1,-1,0
1523611412779,-2097152,110,-56,-1,-1,0
1523611412779,-1900544,110,-56,-1,-1,0
1523611412779,-1703936,110,-56,-1,-1,0
1523611412819,-1966080,110,-56,-1,-1,0
1523611412819,-2097152,110,-56,-1,-1,0
1523611412819,-1900544,110,-56,-1,-1,0
1523611412819,-786432,110,-56,-1,-1,0
1523611412819,1703936,110,-56,-1,-1,0
1523611412859,6029312,110,-56,-1,-1,0
1523611412859,9240576,110,-56,-1,-1,0
1523611412859,6488064,110,-56,-1,-1,0
1523611412859,196608,110,-56,-1,-1,0
1523611412859,-3014656,110,-56,-1,-1,0
1523611412899,-2359296,110,-56,-1,-1,0
1523611412899,-1376256,110,-56,-1,-1,0
1523611412899,-1245184,110,-56,-1,-1,0
1523611412899,-1638400,110,-56,-1,-1,0
1523611412899,-1507328,110,-56,-1,-1,0
1523611412940,-1310720,110,-56,-1,-1,0
1523611412940,-1114112,110,-56,-1,-1,0
1523611412940,-786432,110,-56,-1,-1,0
1523611412940,-524288,110,-56,-1,-1,0
1523611412940,-720896,110,-56,-1,-1,0
1523611412979,-1310720,110,-56,-1,-1,0
1523611412979,-1441792,110,-56,-1,-1,0
1523611412979,-786432,110,-56,-1,-1,0
1523611412979,-131072,110,-56,-1,-1,0
1523611412979,-262144,110,-56,-1,-1,0
1523611413019,-458752,110,-56,-1,-1,0
1523611413019,0,110,-56,-1,-1,0
1523611413019,983040,110,-56,-1,-1,0
1523611413019,786432,110,-56,-1,-1,0
1523611413019,196608,110,-56,-1,-1,0
1523611413059,262144,110,-56,-1,-1,0
1523611413059,327680,110,-56,-1,-1,0
1523611413059,131072,110,-56,-1,-1,0
1523611413059,393216,110,-56,-1,-1,0
1523611413059,983040,110,-56,-1,-1,0
1523611413101,917504,110,-56,-1,-1,0
1523611413101,65536,110,-56,-1,-1,0
1523611413101,-720896,110,-56,-1,-1,0
1523611413101,-1179648,110,-56,-1,-1,0
1523611413101,-1048576,110,-56,-1,-1,0
1523611413139,-1114112,110,-56,-1,-1,0
1523611413139,-1572864,110,-56,-1,-1,0
1523611413139,-1572864,110,-56,-1,-1,0
1523611413139,-1638400,110,-56,-1,-1,0
1523611413139,-1703936,110,-56,-1,-1,0
1523611413179,-1376256,111,-56,-1,-1,0
1523611413179,-917504,111,-56,-1,-1,0
1523611413179,-1048576,111,-56,-1,-1,0
1523611413179,-1245184,111,-56,-1,-1,0
1523611413179,-1310720,111,-56,-1,-1,0
1523611413219,-1638400,111,-56,-1,-1,0
1523611413219,-1638400,111,-56,-1,-1,0
1523611413219,-1310720,111,-56,-1,-1,0
1523611413219,-1048576,111,-56,-1,-1,0
1523611413219,-720896,111,-56,-1,-1,0
1523611413259,-917504,111,-56,-1,-1,0
1523611413259,-1048576,111,-56,-1,-1,0
1523611413259,-1376256,111,-56,-1,-1,0
1523611413259,-1376256,111,-56,-1,-1,0
1523611413259,-917504,111,-56,-1,-1,0
1523611413299,-655360,111,-56,-1,-1,0
1523611413299,-1376256,111,-56,-1,-1,0
1523611413299,-1572864,111,-56,-1,-1,0
1523611413299,-1441792,111,-56,-1,-1,0
1523611413299,-1638400,111,-56,-1,-1,0
1523611413339,-2228224,111,-56,-1,-1,0
1523611413339,-2228224,111,-56,-1,-1,0
1523611413339,-2162688,111,-56,-1,-1,0
1523611413339,-1769472,111,-56,-1,-1,0
1523611413339,0,111,-56,-1,-1,0
1523611413379,3801088,111,-56,-1,-1,0
1523611413379,8716288,111,-56,-1,-1,0
1523611413379,10420224,111,-56,-1,-1,0
1523611413379,5767168,111,-56,-1,-1,0
1523611413379,-131072,111,-56,-1,-1,0
1523611413419,-1703936,111,-56,-1,-1,0
1523611413419,-720896,111,-56,-1,-1,0
1523611413419,-196608,111,-56,-1,-1,0
1523611413419,-458752,111,-56,-1,-1,0
1523611413419,-589824,111,-56,-1,-1,0
1523611413459,-524288,111,-56,-1,-1,0
1523611413459,-262144,111,-56,-1,-1,0
1523611413459,131072,111,-56,-1,-1,0
1523611413459,-65536,111,-56,-1,-1,0
1523611413459,0,111,-56,-1,-1,0
1523611413499,0,111,-56,-1,-1,0
1523611413499,917504,111,-56,-1,-1,0
1523611413499,1245184,111,-56,-1,-1,0
1523611413499,917504,111,-56,-1,-1,0
1523611413499,589824,111,-56,-1,-1,0
1523611413539,720896,111,-56,-1,-1,0
1523611413539,1048576,111,-56,-1,-1,0
1523611413539,1048576,111,-56,-1,-1,0
1523611413539,1114112,111,-56,-1,-1,0
1523611413539,1114112,111,-56,-1,-1,0
1523611413579,1179648,111,-56,-1,-1,0
1523611413579,1179648,111,-56,-1,-1,0
1523611413579,1245184,111,-56,-1,-1,0
1523611413579,1048576,111,-56,-1,-1,0
1523611413579,983040,111,-56,-1,-1,0
1523611413619,851968,111,-56,-1,-1,0
1523611413619,655360,111,-56,-1,-1,0
1523611413619,327680,111,-56,-1,-1,0
1523611413619,-65536,111,-56,-1,-1,0
1523611413619,-589824,111,-56,-1,-1,0
1523611413659,-917504,111,-56,-1,-1,0
1523611413659,-1179648,111,-56,-1,-1,0
1523611413659,-1310720,111,-56,-1,-1,0
1523611413659,-1310720,111,-56,-1,-1,0
1523611413659,-1310720,111,-56,-1,-1,0
1523611413699,-1376256,111,-56,-1,-1,0
1523611413699,-1376256,111,-56,-1,-1,0
1523611413699,-1310720,111,-56,-1,-1,0
1523611413699,-1179648,111,-56,-1,-1,0
1523611413699,-983040,111,-56,-1,-1,0
1523611413744,-786432,111,-56,-1,-1,0
1523611413744,-524288,111,-56,-1,-1,0
1523611413744,-262144,111,-56,-1,-1,0
1523611413744,0,111,-56,-1,-1,0
1523611413744,0,111,-56,-1,-1,0
1523611413779,196608,111,-56,-1,-1,0
1523611413779,393216,111,-56,-1,-1,0
1523611413779,655360,111,-56,-1,-1,0
1523611413779,720896,111,-56,-1,-1,0
1523611413779,589824,111,-56,-1,-1,0
1523611413819,393216,111,-56,-1,-1,0
1523611413819,327680,111,-56,-1,-1,0
1523611413819,196608,111,-56,-1,-1,0
1523611413819,196608,111,-56,-1,-1,0
1523611413819,262144,111,-56,-1,-1,0
1523611413859,196608,111,-56,-1,-1,0
1523611413859,0,111,-56,-1,-1,0
1523611413859,-327680,111,-56,-1,-1,0
1523611413859,-65536,111,-56,-1,-1,0
1523611413859,2031616,111,-56,-1,-1,0
1523611413899,6815744,111,-56,-1,-1,0
1523611413899,11337728,111,-56,-1,-1,0
1523611413899,9764864,111,-56,-1,-1,0
1523611413899,3342336,111,-56,-1,-1,0
1523611413899,-917504,111,-56,-1,-1,0
1523611413939,-917504,111,-56,-1,-1,0
1523611413939,-327680,111,-56,-1,-1,0
1523611413939,-196608,111,-56,-1,-1,0
1523611413939,-196608,111,-56,-1,-1,0
1523611413939,-262144,111,-56,-1,-1,0
1523611413979,-327680,111,-56,-1,-1,0
1523611413979,-196608,111,-56,-1,-1,0
1523611413979,-196608,111,-56,-1,-1,0
1523611413979,-524288,111,-56,-1,-1,0
1523611413979,-655360,111,-56,-1,-1,0
1523611414019,-458752,111,-56,-1,-1,0
1523611414019,-131072,111,-56,-1,-1,0
1523611414019,-65536,111,-56,-1,-1,0
1523611414019,-131072,111,-56,-1,-1,0
1523611414019,-262144,111,-56,-1,-1,0
1523611414059,-262144,111,-56,-1,-1,0
1523611414059,0,111,-56,-1,-1,0
1523611414059,65536,111,-56,-1,-1,0
1523611414059,196608,111,-56,-1,-1,0
1523611414059,327680,111,-56,-1,-1,0
1523611414099,655360,111,-56,-1,-1,0
1523611414099,1114112,111,-56,-1,-1,0
1523611414099,983040,111,-56,-1,-1,0
1523611414099,458752,111,-56,-1,-1,0
1523611414099,327680,111,-56,-1,-1,0
1523611414139,524288,111,-56,-1,-1,0
1523611414139,327680,111,-56,-1,-1,0
1523611414139,0,111,-56,-1,-1,0
1523611414139,-458752,111,-56,-1,-1,0
1523611414139,-1114112,111,-56,-1,-1,0
1523611414179,-1638400,111,-56,-1,-1,0
1523611414179,-1835008,111,-56,-1,-1,0
1523611414179,-1966080,111,-56,-1,-1,0
1523611414179,-1835008,111,-56,-1,-1,0
1523611414179,-1769472,111,-56,-1,-1,0
1523611414219,-1769472,111,-56,-1,-1,0
1523611414219,-1572864,111,-56,-1,-1,0
1523611414219,-1376256,111,-56,-1,-1,0
1523611414219,-2031616,111,-56,-1,-1,0
1523611414219,-2490368,111,-56,-1,-1,0
1523611414259,-2555904,111,-56,-1,-1,0
1523611414259,-2162688,111,-56,-1,-1,0
1523611414259,-2359296,111,-56,-1,-1,0
1523611414259,-2818048,111,-56,-1,-1,0
1523611414259,-2621440,111,-56,-1,-1,0
1523611414299,-2555904,111,-56,-1,-1,0
1523611414299,-2883584,111,-56,-1,-1,0
1523611414299,-3211264,111,-56,-1,-1,0
1523611414299,-2883584,111,-56,-1,-1,0
1523611414299,-3145728,111,-56,-1,-1,0
1523611414339,-3342336,111,-56,-1,-1,0
1523611414339,-2949120,111,-56,-1,-1,0
1523611414339,-2686976,111,-56,-1,-1,0
1523611414339,-2818048,111,-56,-1,-1,0
1523611414339,-2949120,111,-56,-1,-1,0
1523611414381,-2883584,111,-56,-1,-1,0
1523611414381,-2883584,111,-56,-1,-1,0
1523611414381,-2621440,111,-56,-1,-1,0
1523611414381,-1835008,111,-56,-1,-1,0
1523611414381,458752,111,-56,-1,-1,0
1523611414419,4784128,111,-56,-1,-1,0
1523611414419,7667712,111,-56,-1,-1,0
1523611414419,4980736,111,-56,-1,-1,0
1523611414419,-458752,111,-56,-1,-1,0
1523611414419,-3276800,111,-56,-1,-1,0
1523611414459,-3080192,111,-56,-1,-1,0
1523611414459,-1966080,111,-56,-1,-1,0
1523611414459,-1507328,111,-56,-1,-1,0
1523611414459,-1835008,111,-56,-1,-1,0
1523611414459,-2097152,111,-56,-1,-1,0
1523611414499,-2031616,111,-56,-1,-1,0
1523611414499,-2228224,111,-56,-1,-1,0
1523611414499,-2490368,111,-56,-1,-1,0
1523611414499,-2359296,111,-56,-1,-1,0
1523611414499,-1703936,111,-56,-1,-1,0
1523611414539,-1441792,111,-56,-1,-1,0
1523611414539,-1376256,111,-56,-1,-1,0
1523611414539,-1245184,111,-56,-1,-1,0
1523611414539,-1441792,111,-56,-1,-1,0
1523611414539,-1638400,111,-56,-1,-1,0
1523611414579,-917504,111,-56,-1,-1,0
1523611414579,0,111,-56,-1,-1,0
1523611414579,131072,111,-56,-1,-1,0
1523611414579,-65536,111,-56,-1,-1,0
1523611414579,-196608,111,-56,-1,-1,0
1523611414619,0,111,-56,-1,-1,0
1523611414619,262144,111,-56,-1,-1,0
1523611414619,327680,111,-56,-1,-1,0
1523611414619,0,111,-56,-1,-1,0
1523611414619,65536,111,-56,-1,-1,0
1523611414659,458752,111,-56,-1,-1,0
1523611414659,327680,111,-56,-1,-1,0
1523611414659,262144,111,-56,-1,-1,0
1523611414659,131072,111,-56,-1,-1,0
1523611414659,-786432,111,-56,-1,-1,0
1523611414699,-1703936,111,-56,-1,-1,0
1523611414699,-1376256,111,-56,-1,-1,0
1523611414699,-524288,111,-56,-1,-1,0
1523611414699,-589824,111,-56,-1,-1,0
1523611414699,-1048576,111,-56,-1,-1,0
1523611414739,-1310720,112,-56,-1,-1,0
1523611414739,-720896,112,-56,-1,-1,0
1523611414739,-393216,112,-56,-1,-1,0
1523611414739,-589824,112,-56,-1,-1,0
1523611414739,-1114112,112,-56,-1,-1,0
1523611414779,-1114112,112,-56,-1,-1,0
1523611414779,-1114112,112,-56,-1,-1,0
1523611414779,-655360,112,-56,-1,-1,0
1523611414779,-589824,112,-56,-1,-1,0
1523611414779,-1245184,112,-56,-1,-1,0
1523611414819,-983040,112,-56,-1,-1,0
1523611414819,-393216,112,-56,-1,-1,0
1523611414819,-131072,112,-56,-1,-1,0
1523611414819,-458752,112,-56,-1,-1,0
1523611414819,-1114112,112,-56,-1,-1,0
1523611414859,-1048576,112,-56,-1,-1,0
1523611414859,-851968,112,-56,-1,-1,0
1523611414859,-720896,112,-56,-1,-1,0
1523611414859,-983040,112,-56,-1,-1,0
1523611414859,-1114112,112,-56,-1,-1,0
1523611414899,-1179648,112,-56,-1,-1,0
1523611414899,-458752,112,-56,-1,-1,0
1523611414899,-327680,112,-56,-1,-1,0
1523611414899,131072,112,-56,-1,-1,0
1523611414899,2228224,112,-56,-1,-1,0
1523611414939,7077888,112,-56,-1,-1,0
1523611414939,11403264,112,-56,-1,-1,0
1523611414939,10551296,112,-56,-1,-1,0
1523611414939,4194304,112,-56,-1,-1,0
1523611414939,-196608,112,-56,-1,-1,0
1523611414979,-262144,112,-56,-1,-1,0
1523611414979,0,112,-56,-1,-1,0
1523611414979,-131072,112,-56,-1,-1,0
1523611414979,-131072,112,-56,-1,-1,0
1523611414979,-65536,112,-56,-1,-1,0
1523611415020,-131072,112,-56,-1,-1,0
1523611415020,-65536,112,-56,-1,-1,0
1523611415020,0,112,-56,-1,-1,0
1523611415020,65536,112,-56,-1,-1,0
1523611415020,262144,112,-56,-1,-1,0
1523611415059,327680,112,-56,-1,-1,0
1523611415059,327680,112,-56,-1,-1,0
1523611415059,393216,112,-56,-1,-1,0
1523611415059,655360,112,-56,-1,-1,0
1523611415059,917504,112,-56,-1,-1,0
1523611415099,1048576,112,-56,-1,-1,0
1523611415099,1245184,112,-56,-1,-1,0
1523611415099,1441792,112,-56,-1,-1,0
1523611415099,1572864,112,-56,-1,-1,0
1523611415099,1638400,112,-56,-1,-1,0
1523611415139,1769472,112,-56,-1,-1,0
1523611415139,1769472,112,-56,-1,-1,0
1523611415139,1835008,112,-56,-1,-1,0
1523611415139,1769472,112,-56,-1,-1,0
1523611415139,1769472,112,-56,-1,-1,0
1523611415179,1703936,112,-56,-1,-1,0
1523611415179,1507328,112,-56,-1,-1,0
1523611415179,1179648,112,-56,-1,-1,0
1523611415179,851968,112,-56,-1,-1,0
1523611415179,655360,112,-56,-1,-1,0
1523611415219,393216,112,-56,-1,-1,0
1523611415219,262144,112,-56,-1,-1,0
1523611415219,131072,112,-56,-1,-1,0
1523611415219,131072,112,-56,-1,-1,0
1523611415219,65536,112,-56,-1,-1,0
1523611415259,65536,112,-56,-1,-1,0
1523611415259,131072,112,-56,-1,-1,0
1523611415259,393216,112,-56,-1,-1,0
1523611415259,786432,112,-56,-1,-1,0
1523611415259,1114112,112,-56,-1,-1,0
1523611415299,1245184,112,-56,-1,-1,0
1523611415299,1179648,112,-56,-1,-1,0
1523611415299,917504,112,-56,-1,-1,0
1523611415299,720896,112,-56,-1,-1,0
1523611415299,458752,112,-56,-1,-1,0
1523611415339,327680,112,-56,-1,-1,0
1523611415339,458752,112,-56,-1,-1,0
1523611415339,655360,112,-56,-1,-1,0
1523611415339,720896,112,-56,-1,-1,0
1523611415339,458752,112,-56,-1,-1,0
1523611415379,131072,112,-56,-1,-1,0
1523611415379,-65536,112,-56,-1,-1,0
1523611415379,-262144,112,-56,-1,-1,0
1523611415379,-458752,112,-56,-1,-1,0
1523611415379,-589824,112,-56,-1,-1,0
1523611415419,-458752,112,-56,-1,-1,0
1523611415419,-327680,112,-56,-1,-1,0
1523611415419,65536,112,-56,-1,-1,0
1523611415419,1769472,112,-56,-1,-1,0
1523611415419,5767168,112,-56,-1,-1,0
1523611415459,11010048,112,-56,-1,-1,0
1523611415459,11599872,112,-56,-1,-1,0
1523611415459,5898240,112,-56,-1,-1,0
1523611415459,65536,112,-56,-1,-1,0
1523611415459,-1048576,112,-56,-1,-1,0
1523611415499,-327680,112,-56,-1,-1,0
1523611415499,-131072,112,-56,-1,-1,0
1523611415499,-196608,112,-56,-1,-1,0
1523611415499,-262144,112,-56,-1,-1,0
1523611415499,-262144,112,-56,-1,-1,0
1523611415539,-327680,112,-56,-1,-1,0
1523611415539,-262144,112,-56,-1,-1,0
1523611415539,-65536,112,-56,-1,-1,0
1523611415539,0,112,-56,-1,-1,0
1523611415539,0,112,-56,-1,-1,0
1523611415579,-65536,112,-56,-1,-1,0
1523611415579,65536,112,-56,-1,-1,0
1523611415579,196608,112,-56,-1,-1,0
1523611415579,327680,112,-56,-1,-1,0
1523611415579,393216,112,-56,-1,-1,0
1523611415619,589824,112,-56,-1,-1,0
1523611415619,786432,112,-56,-1,-1,0
1523611415619,1048576,112,-56,-1,-1,0
1523611415619,917504,112,-56,-1,-1,0
1523611415619,720896,112,-56,-1,-1,0
1523611415660,786432,112,-56,-1,-1,0
1523611415660,786432,112,-56,-1,-1,0
1523611415660,327680,112,-56,-1,-1,0
1523611415660,0,112,-56,-1,-1,0
1523611415660,-65536,112,-56,-1,-1,0
1523611415699,65536,112,-56,-1,-1,0
1523611415699,0,112,-56,-1,-1,0
1523611415699,-524288,112,-56,-1,-1,0
1523611415699,-1376256,112,-56,-1,-1,0
1523611415699,-1572864,112,-56,-1,-1,0
1523611415742,-983040,112,-56,-1,-1,0
1523611415742,-1245184,112,-56,-1,-1,0
1523611415742,-2097152,112,-56,-1,-1,0
1523611415742,-1966080,112,-56,-1,-1,0
1523611415742,-1638400,112,-56,-1,-1,0
1523611415779,-1900544,112,-56,-1,-1,0
1523611415779,-1900544,112,-56,-1,-1,0
1523611415779,-1703936,112,-56,-1,-1,0
1523611415779,-1441792,112,-56,-1,-1,0
1523611415779,-1179648,112,-56,-1,-1,0
1523611415819,-1310720,112,-56,-1,-1,0
1523611415819,-1769472,112,-56,-1,-1,0
1523611415819,-1507328,112,-56,-1,-1,0
1523611415819,-1245184,112,-56,-1,-1,0
1523611415819,-1572864,112,-56,-1,-1,0
1523611415859,-2031616,112,-56,-1,-1,0
1523611415859,-1966080,112,-56,-1,-1,0
1523611415859,-1900544,112,-56,-1,-1,0
1523611415859,-1572864,112,-56,-1,-1,0
1523611415859,-1441792,112,-56,-1,-1,0
1523611415899,-1769472,112,-56,-1,-1,0
1523611415899,-2031616,112,-56,-1,-1,0
1523611415899,-1769472,112,-56,-1,-1,0
1523611415899,-1769472,112,-56,-1,-1,0
1523611415899,-1638400,112,-56,-1,-1,0
1523611415939,-1572864,112,-56,-1,-1,0
1523611415939,-1703936,112,-56,-1,-1,0
1523611415939,-917504,112,-56,-1,-1,0
1523611415939,2293760,112,-56,-1,-1,0
1523611415939,6619136,112,-56,-1,-1,0
1523611415979,7471104,112,-56,-1,-1,0
1523611415979,3342336,112,-56,-1,-1,0
1523611415979,-917504,112,-56,-1,-1,0
1523611415979,-2555904,112,-56,-1,-1,0
1523611415979,-2555904,112,-56,-1,-1,0
1523611416019,-2555904,112,-56,-1,-1,0
1523611416019,-1769472,112,-56,-1,-1,0
1523611416019,-589824,112,-56,-1,-1,0
1523611416019,-589824,112,-56,-1,-1,0
1523611416019,-1507328,112,-56,-1,-1,0
1523611416059,-1900544,112,-56,-1,-1,0
1523611416059,-1114112,112,-56,-1,-1,0
1523611416059,-458752,112,-56,-1,-1,0
1523611416059,-458752,112,-56,-1,-1,0
1523611416059,-196608,112,-56,-1,-1,0
1523611416099,-786432,112,-56,-1,-1,0
1523611416099,-1441792,112,-56,-1,-1,0
1523611416099,-327680,112,-56,-1,-1,0
1523611416099,589824,112,-56,-1,-1,0
1523611416099,720896,112,-56,-1,-1,0
1523611416139,393216,112,-56,-1,-1,0
1523611416139,262144,112,-56,-1,-1,0
1523611416139,524288,112,-56,-1,-1,0
1523611416139,1507328,112,-56,-1,-1,0
1523611416139,1310720,112,-56,-1,-1,0
1523611416179,786432,112,-56,-1,-1,0
1523611416179,524288,112,-56,-1,-1,0
1523611416179,786432,112,-56,-1,-1,0
1523611416179,786432,112,-56,-1,-1,0
1523611416179,720896,112,-56,-1,-1,0
1523611416219,262144,112,-56,-1,-1,0
1523611416219,131072,112,-56,-1,-1,0
1523611416219,0,112,-56,-1,-1,0
1523611416219,-131072,112,-56,-1,-1,0
1523611416219,-458752,112,-56,-1,-1,0
1523611416259,-983040,113,-56,-1,-1,0
1523611416259,-917504,113,-56,-1,-1,0
1523611416259,-589824,113,-56,-1,-1,0
1523611416259,-589824,113,-56,-1,-1,0
1523611416259,-1048576,113,-56,-1,-1,0
1523611416300,-1507328,113,-56,-1,-1,0
1523611416300,-1966080,113,-56,-1,-1,0
1523611416300,-1769472,113,-56,-1,-1,0
1523611416300,-1310720,113,-56,-1,-1,0
1523611416300,-1048576,113,-56,-1,-1,0
1523611416339,-1310720,113,-56,-1,-1,0
1523611416339,-983040,113,-56,-1,-1,0
1523611416339,-720896,113,-56,-1,-1,0
1523611416339,-1048576,113,-56,-1,-1,0
1523611416339,-589824,113,-56,-1,-1,0
1523611416379,-196608,113,-56,-1,-1,0
1523611416379,-131072,113,-56,-1,-1,0
1523611416379,-655360,113,-56,-1,-1,0
1523611416379,-786432,113,-56,-1,-1,0
1523611416379,-917504,113,-56,-1,-1,0
1523611416419,-589824,113,-56,-1,-1,0
1523611416419,-327680,113,-56,-1,-1,0
1523611416419,-196608,113,-56,-1,-1,0
1523611416419,-327680,113,-56,-1,-1,0
1523611416419,-458752,113,-56,-1,-1,0
1523611416459,-327680,113,-56,-1,-1,0
1523611416459,-65536,113,-56,-1,-1,0
1523611416459,1114112,113,-56,-1,-1,0
1523611416459,4325376,113,-56,-1,-1,0
1523611416459,9568256,113,-56,-1,-1,0
1523611416499,12124160,113,-56,-1,-1,0
1523611416499,8060928,113,-56,-1,-1,0
1523611416499,1572864,113,-56,-1,-1,0
1523611416499,-917504,113,-56,-1,-1,0
1523611416499,-589824,113,-56,-1,-1,0
1523611416539,-458752,113,-56,-1,-1,0
1523611416539,-589824,113,-56,-1,-1,0
1523611416539,-720896,113,-56,-1,-1,0
1523611416539,-851968,113,-56,-1,-1,0
1523611416539,-589824,113,-56,-1,-1,0
1523611416579,-524288,113,-56,-1,-1,0
1523611416579,-655360,113,-56,-1,-1,0
1523611416579,-786432,113,-56,-1,-1,0
1523611416579,-720896,113,-56,-1,-1,0
1523611416579,-655360,113,-56,-1,-1,0
1523611416619,-393216,113,-56,-1,-1,0
1523611416619,-131072,113,-56,-1,-1,0
1523611416619,131072,113,-56,-1,-1,0
1523611416619,458752,113,-56,-1,-1,0
1523611416619,851968,113,-56,-1,-1,0
1523611416659,1310720,113,-56,-1,-1,0
1523611416659,1835008,113,-56,-1,-1,0
1523611416659,2162688,113,-56,-1,-1,0
1523611416659,2293760,113,-56,-1,-1,0
1523611416659,2293760,113,-56,-1,-1,0
1523611416699,2097152,113,-56,-1,-1,0
1523611416699,2293760,113,-56,-1,-1,0
1523611416699,2686976,113,-56,-1,-1,0
1523611416699,3014656,113,-56,-1,-1,0
1523611416699,2949120,113,-56,-1,-1,0
1523611416739,2752512,113,-56,-1,-1,0
1523611416739,2555904,113,-56,-1,-1,0
1523611416739,2293760,113,-56,-1,-1,0
1523611416739,1835008,113,-56,-1,-1,0
1523611416739,1179648,113,-56,-1,-1,0
1523611416779,720896,113,-56,-1,-1,0
1523611416779,589824,113,-56,-1,-1,0
1523611416779,458752,113,-56,-1,-1,0
1523611416779,262144,113,-56,-1,-1,0
1523611416779,262144,113,-56,-1,-1,0
1523611416819,524288,113,-56,-1,-1,0
1523611416819,589824,113,-56,-1,-1,0
1523611416819,524288,113,-56,-1,-1,0
1523611416819,458752,113,-56,-1,-1,0
1523611416819,458752,113,-56,-1,-1,0
1523611416859,393216,113,-56,-1,-1,0
1523611416859,196608,113,-56,-1,-1,0
1523611416859,131072,113,-56,-1,-1,0
1523611416859,65536,113,-56,-1,-1,0
1523611416859,131072,113,-56,-1,-1,0
1523611416899,196608,113,-56,-1,-1,0
1523611416899,262144,113,-56,-1,-1,0
1523611416899,196608,113,-56,-1,-1,0
1523611416899,65536,113,-56,-1,-1,0
1523611416899,-65536,113,-56,-1,-1,0
1523611416940,-196608,113,-56,-1,-1,0
1523611416940,-327680,113,-56,-1,-1,0
1523611416940,-524288,113,-56,-1,-1,0
1523611416940,-589824,113,-56,-1,-1,0
1523611416940,-655360,113,-56,-1,-1,0
1523611416979,-524288,113,-56,-1,-1,0
1523611416979,458752,113,-56,-1,-1,0
1523611416979,3735552,113,-56,-1,-1,0
1523611416979,9175040,113,-56,-1,-1,0
1523611416979,12386304,113,-56,-1,-1,0
1523611417019,8585216,113,-56,-1,-1,0
1523611417019,1769472,113,-56,-1,-1,0
1523611417019,-1441792,113,-56,-1,-1,0
1523611417019,-1048576,113,-56,-1,-1,0
1523611417019,-393216,113,-56,-1,-1,0
1523611417059,-393216,113,-56,-1,-1,0
1523611417059,-589824,113,-56,-1,-1,0
1523611417059,-720896,113,-56,-1,-1,0
1523611417059,-720896,113,-56,-1,-1,0
1523611417059,-851968,113,-56,-1,-1,0
1523611417099,-851968,113,-56,-1,-1,0
1523611417099,-393216,113,-56,-1,-1,0
1523611417099,-131072,113,-56,-1,-1,0
1523611417099,-720896,113,-56,-1,-1,0
1523611417099,-983040,113,-56,-1,-1,0
1523611417139,-589824,113,-56,-1,-1,0
1523611417139,-327680,113,-56,-1,-1,0
1523611417139,-589824,113,-56,-1,-1,0
1523611417139,-786432,113,-56,-1,-1,0
1523611417139,-327680,113,-56,-1,-1,0
1523611417179,0,113,-56,-1,-1,0
1523611417179,65536,113,-56,-1,-1,0
1523611417179,65536,113,-56,-1,-1,0
1523611417179,196608,113,-56,-1,-1,0
1523611417179,0,113,-56,-1,-1,0
1523611417219,65536,113,-56,-1,-1,0
1523611417219,196608,113,-56,-1,-1,0
1523611417219,131072,113,-56,-1,-1,0
1523611417219,0,113,-56,-1,-1,0
1523611417219,-393216,113,-56,-1,-1,0
1523611417259,-720896,113,-56,-1,-1,0
1523611417259,-1048576,113,-56,-1,-1,0
1523611417259,-1245184,113,-56,-1,-1,0
1523611417259,-1638400,113,-56,-1,-1,0
1523611417259,-2228224,113,-56,-1,-1,0
1523611417299,-2228224,114,-56,-1,-1,0
1523611417299,-2228224,114,-56,-1,-1,0
1523611417299,-2031616,114,-56,-1,-1,0
1523611417299,-1703936,114,-56,-1,-1,0
1523611417299,-1900544,114,-56,-1,-1,0
1523611417339,-2490368,114,-56,-1,-1,0
1523611417339,-2228224,114,-56,-1,-1,0
1523611417339,-1703936,114,-56,-1,-1,0
1523611417339,-1572864,114,-56,-1,-1,0
1523611417339,-2031616,114,-56,-1,-1,0
1523611417379,-2490368,114,-56,-1,-1,0
1523611417379,-2555904,114,-56,-1,-1,0
1523611417379,-2228224,114,-56,-1,-1,0
1523611417379,-2228224,114,-56,-1,-1,0
1523611417379,-2228224,114,-56,-1,-1,0
1523611417419,-2097152,114,-56,-1,-1,0
1523611417419,-2097152,114,-56,-1,-1,0
1523611417419,-2359296,114,-56,-1,-1,0
1523611417419,-2293760,114,-56,-1,-1,0
1523611417419,-2293760,114,-56,-1,-1,0
1523611417459,-2424832,114,-56,-1,-1,0
1523611417459,-2293760,114,-56,-1,-1,0
1523611417459,-1703936,114,-56,-1,-1,0
1523611417459,-2097152,114,-56,-1,-1,0
1523611417459,-2162688,114,-56,-1,-1,0
1523611417499,-1179648,114,-56,-1,-1,0
1523611417499,1376256,114,-56,-1,-1,0
1523611417499,6488064,114,-56,-1,-1,0
1523611417499,9371648,114,-56,-1,-1,0
1523611417499,5898240,114,-56,-1,-1,0
1523611417539,-196608,114,-56,-1,-1,0
1523611417539,-2359296,114,-56,-1,-1,0
1523611417539,-1966080,114,-56,-1,-1,0
1523611417539,-1769472,114,-56,-1,-1,0
1523611417539,-1703936,114,-56,-1,-1,0
1523611417580,-1507328,114,-56,-1,-1,0
1523611417580,-1703936,114,-56,-1,-1,0
1523611417580,-1900544,114,-56,-1,-1,0
1523611417580,-1769472,114,-56,-1,-1,0
1523611417580,-1507328,114,-56,-1,-1,0
1523611417619,-1376256,114,-56,-1,-1,0
1523611417619,-1507328,114,-56,-1,-1,0
1523611417619,-1179648,114,-56,-1,-1,0
1523611417619,-524288,114,-56,-1,-1,0
1523611417619,-655360,114,-56,-1,-1,0
1523611417659,-1179648,114,-56,-1,-1,0
1523611417659,-983040,114,-56,-1,-1,0
1523611417659,-458752,114,-56,-1,-1,0
1523611417659,-851968,114,-56,-1,-1,0
1523611417659,-327680,114,-56,-1,-1,0
1523611417699,196608,114,-56,-1,-1,0
1523611417699,131072,114,-56,-1,-1,0
1523611417699,-655360,114,-56,-1,-1,0
1523611417699,-851968,114,-56,-1,-1,0
1523611417699,-262144,114,-56,-1,-1,0
1523611417739,-589824,114,-56,-1,-1,0
1523611417739,-917504,114,-56,-1,-1,0
1523611417739,-589824,114,-56,-1,-1,0
1523611417739,196608,114,-56,-1,-1,0
1523611417739,-65536,114,-56,-1,-1,0
1523611417779,-589824,114,-56,-1,-1,0
1523611417779,-786432,114,-56,-1,-1,0
1523611417779,-917504,114,-56,-1,-1,0
1523611417779,-983040,114,-56,-1,-1,0
1523611417779,-393216,114,-56,-1,-1,0
1523611417819,-262144,114,-56,-1,-1,0
1523611417819,-720896,114,-56,-1,-1,0
1523611417819,-1048576,114,-56,-1,-1,0
1523611417819,-720896,114,-56,-1,-1,0
1523611417819,-327680,114,-56,-1,-1,0
1523611417859,-524288,114,-56,-1,-1,0
1523611417859,-262144,114,-56,-1,-1,0
1523611417859,-196608,114,-56,-1,-1,0
1523611417859,-655360,114,-56,-1,-1,0
1523611417859,-720896,114,-56,-1,-1,0
1523611417899,-131072,114,-56,-1,-1,0
1523611417899,0,114,-56,-1,-1,0
1523611417899,-131072,114,-56,-1,-1,0
1523611417899,-327680,114,-56,-1,-1,0
1523611417899,-196608,114,-56,-1,-1,0
1523611417939,-393216,114,-56,-1,-1,0
1523611417939,-589824,114,-56,-1,-1,0
1523611417939,-655360,114,-56,-1,-1,0
1523611417939,-655360,114,-56,-1,-1,0
1523611417939,-655360,114,-56,-1,-1,0
1523611417979,-720896,114,-56,-1,-1,0
1523611417979,-851968,114,-56,-1,-1,0
1523611417979,-983040,114,-56,-1,-1,0
1523611417979,-851968,114,-56,-1,-1,0
1523611417979,-131072,114,-56,-1,-1,0
1523611418019,1769472,114,-56,-1,-1,0
1523611418019,5832704,114,-56,-1,-1,0
1523611418019,10354688,114,-56,-1,-1,0
1523611418019,9437184,114,-56,-1,-1,0
1523611418019,3145728,114,-56,-1,-1,0
1523611418059,-1507328,114,-56,-1,-1,0
1523611418059,-1900544,114,-56,-1,-1,0
1523611418059,-1114112,114,-56,-1,-1,0
1523611418059,-720896,114,-56,-1,-1,0
1523611418059,-524288,114,-56,-1,-1,0
1523611418099,-589824,114,-56,-1,-1,0
1523611418099,-458752,114,-56,-1,-1,0
1523611418099,-327680,114,-56,-1,-1,0
1523611418099,-131072,114,-56,-1,-1,0
1523611418099,0,114,-56,-1,-1,0
1523611418139,327680,114,-56,-1,-1,0
1523611418139,786432,114,-56,-1,-1,0
1523611418139,1245184,114,-56,-1,-1,0
1523611418139,1507328,114,-56,-1,-1,0
1523611418139,1769472,114,-56,-1,-1,0
1523611418179,2031616,114,-56,-1,-1,0
1523611418179,2097152,114,-56,-1,-1,0
1523611418179,2097152,114,-56,-1,-1,0
1523611418179,2162688,114,-56,-1,-1,0
1523611418179,2228224,114,-56,-1,-1,0
1523611418220,2097152,114,-56,-1,-1,0
1523611418220,1966080,114,-56,-1,-1,0
1523611418220,1835008,114,-56,-1,-1,0
1523611418220,1769472,114,-56,-1,-1,0
1523611418220,1507328,114,-56,-1,-1,0
1523611418259,1245184,114,-56,-1,-1,0
1523611418259,851968,114,-56,-1,-1,0
1523611418259,589824,114,-56,-1,-1,0
1523611418259,458752,114,-56,-1,-1,0
1523611418259,327680,114,-56,-1,-1,0
1523611418299,131072,115,-56,-1,-1,0
1523611418299,0,115,-56,-1,-1,0
1523611418299,0,115,-56,-1,-1,0
1523611418299,131072,115,-56,-1,-1,0
1523611418299,131072,115,-56,-1,-1,0
1523611418339,0,115,-56,-1,-1,0
1523611418339,65536,115,-56,-1,-1,0
1523611418339,131072,115,-56,-1,-1,0
1523611418339,131072,115,-56,-1,-1,0
1523611418339,0,115,-56,-1,-1,0
1523611418379,-131072,115,-56,-1,-1,0
1523611418379,-262144,115,-56,-1,-1,0
1523611418379,-262144,115,-56,-1,-1,0
1523611418379,-327680,115,-56,-1,-1,0
1523611418379,-327680,115,-56,-1,-1,0
1523611418419,-196608,115,-56,-1,-1,0
1523611418419,-65536,115,-56,-1,-1,0
1523611418419,-393216,115,-56,-1,-1,0
1523611418419,-786432,115,-56,-1,-1,0
1523611418419,-851968,115,-56,-1,-1,0
1523611418459,-655360,115,-56,-1,-1,0
1523611418459,-393216,115,-56,-1,-1,0
1523611418459,-262144,115,-56,-1,-1,0
1523611418459,-327680,115,-56,-1,-1,0
1523611418459,-327680,115,-56,-1,-1,0
1523611418499,-458752,115,-56,-1,-1,0
1523611418499,-720896,115,-56,-1,-1,0
1523611418499,-720896,115,-56,-1,-1,0
1523611418499,-262144,115,-56,-1,-1,0
1523611418499,1376256,115,-56,-1,-1,0
1523611418539,5439488,115,-56,-1,-1,0
1523611418539,10420224,115,-56,-1,-1,0
1523611418539,10420224,115,-56,-1,-1,0
1523611418539,4456448,115,-56,-1,-1,0
1523611418539,-851968,115,-56,-1,-1,0
1523611418579,-1638400,115,-56,-1,-1,0
1523611418579,-1179648,115,-56,-1,-1,0
1523611418579,-917504,115,-56,-1,-1,0
1523611418579,-589824,115,-56,-1,-1,0
1523611418579,-524288,115,-56,-1,-1,0
1523611418619,-1245184,115,-56,-1,-1,0
1523611418619,-1507328,115,-56,-1,-1,0
1523611418619,-524288,115,-56,-1,-1,0
1523611418619,-196608,115,-56,-1,-1,0
1523611418619,-1441792,115,-56,-1,-1,0
1523611418659,-2359296,115,-56,-1,-1,0
1523611418659,-1310720,115,-56,-1,-1,0
1523611418659,-720896,115,-56,-1,-1,0
1523611418659,-917504,115,-56,-1,-1,0
1523611418659,-851968,115,-56,-1,-1,0
1523611418699,-458752,115,-56,-1,-1,0
1523611418699,-327680,115,-56,-1,-1,0
1523611418699,-720896,115,-56,-1,-1,0
1523611418699,-131072,115,-56,-1,-1,0
1523611418699,131072,115,-56,-1,-1,0
1523611418739,65536,115,-56,-1,-1,0
1523611418739,0,115,-56,-1,-1,0
1523611418739,262144,115,-56,-1,-1,0
1523611418739,262144,115,-56,-1,-1,0
1523611418739,0,115,-56,-1,-1,0
1523611418779,-393216,115,-56,-1,-1,0
1523611418779,-720896,115,-56,-1,-1,0
1523611418779,-589824,115,-56,-1,-1,0
1523611418779,-589824,115,-56,-1,-1,0
1523611418779,-1179648,115,-56,-1,-1,0
1523611418819,-1638400,115,-56,-1,-1,0
1523611418819,-1441792,115,-56,-1,-1,0
1523611418819,-1572864,115,-56,-1,-1,0
1523611418819,-1900544,115,-56,-1,-1,0
1523611418819,-1835008,115,-56,-1,-1,0
1523611418860,-1245184,115,-56,-1,-1,0
1523611418860,-1245184,115,-56,-1,-1,0
1523611418860,-1966080,115,-56,-1,-1,0
1523611418860,-2359296,115,-56,-1,-1,0
1523611418860,-2031616,115,-56,-1,-1,0
1523611418899,-1572864,115,-56,-1,-1,0
1523611418899,-1703936,115,-56,-1,-1,0
1523611418899,-1900544,115,-56,-1,-1,0
1523611418899,-2293760,115,-56,-1,-1,0
1523611418899,-2228224,115,-56,-1,-1,0
1523611418939,-1703936,115,-56,-1,-1,0
1523611418939,-1310720,115,-56,-1,-1,0
1523611418939,-1310720,115,-56,-1,-1,0
1523611418939,-1900544,115,-56,-1,-1,0
1523611418939,-1769472,115,-56,-1,-1,0
1523611418979,-1179648,115,-56,-1,-1,0
1523611418979,-1310720,115,-56,-1,-1,0
1523611418979,-2031616,115,-56,-1,-1,0
1523611418979,-2228224,115,-56,-1,-1,0
1523611418979,-1507328,115,-56,-1,-1,0
1523611419019,-1048576,115,-56,-1,-1,0
1523611419019,-1048576,115,-56,-1,-1,0
1523611419019,-196608,115,-56,-1,-1,0
1523611419019,2097152,115,-56,-1,-1,0
1523611419019,6881280,115,-56,-1,-1,0
1523611419059,10354688,115,-56,-1,-1,0
1523611419059,7864320,115,-56,-1,-1,0
1523611419059,1703936,115,-56,-1,-1,0
1523611419059,-1310720,115,-56,-1,-1,0
1523611419059,-1179648,115,-56,-1,-1,0
1523611419099,-917504,115,-56,-1,-1,0
1523611419099,-1245184,115,-56,-1,-1,0
1523611419099,-1572864,115,-56,-1,-1,0
1523611419099,-1179648,115,-56,-1,-1,0
1523611419099,-983040,115,-56,-1,-1,0
1523611419139,-786432,115,-56,-1,-1,0
1523611419139,-655360,115,-56,-1,-1,0
1523611419139,-589824,115,-56,-1,-1,0
1523611419139,-851968,115,-56,-1,-1,0
1523611419139,-786432,115,-56,-1,-1,0
1523611419179,-917504,115,-56,-1,-1,0
1523611419179,-589824,115,-56,-1,-1,0
1523611419179,-65536,115,-56,-1,-1,0
1523611419179,-196608,115,-56,-1,-1,0
1523611419179,-327680,115,-56,-1,-1,0
1523611419219,-196608,115,-56,-1,-1,0
1523611419219,0,115,-56,-1,-1,0
1523611419219,0,115,-56,-1,-1,0
1523611419219,196608,115,-56,-1,-1,0
1523611419219,327680,115,-56,-1,-1,0
1523611419259,458752,115,-56,-1,-1,0
1523611419259,327680,115,-56,-1,-1,0
1523611419259,458752,115,-56,-1,-1,0
1523611419259,851968,115,-56,-1,-1,0
1523611419259,1048576,115,-56,-1,-1,0
1523611419299,458752,115,-56,-1,-1,0
1523611419299,-65536,115,-56,-1,-1,0
1523611419299,-327680,115,-56,-1,-1,0
1523611419299,-458752,115,-56,-1,-1,0
1523611419299,-917504,115,-56,-1,-1,0
1523611419339,-983040,116,-56,-1,-1,0
1523611419339,-655360,116,-56,-1,-1,0
1523611419339,-262144,116,-56,-1,-1,0
1523611419339,-196608,116,-56,-1,-1,0
1523611419339,-458752,116,-56,-1,-1,0
1523611419379,-262144,116,-56,-1,-1,0
1523611419379,-131072,116,-56,-1,-1,0
1523611419379,-327680,116,-56,-1,-1,0
1523611419379,-393216,116,-56,-1,-1,0
1523611419379,-458752,116,-56,-1,-1,0
1523611419419,-458752,116,-56,-1,-1,0
1523611419419,-655360,116,-56,-1,-1,0
1523611419419,-720896,116,-56,-1,-1,0
1523611419419,-917504,116,-56,-1,-1,0
1523611419419,-786432,116,-56,-1,-1,0
1523611419459,-720896,116,-56,-1,-1,0
1523611419459,-917504,116,-56,-1,-1,0
1523611419459,-1179648,116,-56,-1,-1,0
1523611419459,-1310720,116,-56,-1,-1,0
1523611419459,-1507328,116,-56,-1,-1,0
1523611419500,-1638400,116,-56,-1,-1,0
1523611419500,-1769472,116,-56,-1,-1,0
1523611419500,-1900544,116,-56,-1,-1,0
1523611419500,-2031616,116,-56,-1,-1,0
1523611419500,-2097152,116,-56,-1,-1,0
1523611419539,-2031616,116,-56,-1,-1,0
1523611419539,-1441792,116,-56,-1,-1,0
1523611419539,786432,116,-56,-1,-1,0
1523611419539,5308416,116,-56,-1,-1,0
1523611419539,9699328,116,-56,-1,-1,0
1523611419579,8323072,116,-56,-1,-1,0
1523611419579,2228224,116,-56,-1,-1,0
1523611419579,-1966080,116,-56,-1,-1,0
1523611419579,-1900544,116,-56,-1,-1,0
1523611419579,-983040,116,-56,-1,-1,0
1523611419619,-524288,116,-56,-1,-1,0
1523611419619,-262144,116,-56,-1,-1,0
1523611419619,-196608,116,-56,-1,-1,0
1523611419619,0,116,-56,-1,-1,0
1523611419619,262144,116,-56,-1,-1,0
1523611419659,655360,116,-56,-1,-1,0
1523611419659,1048576,116,-56,-1,-1,0
1523611419659,1507328,116,-56,-1,-1,0
1523611419659,1835008,116,-56,-1,-1,0
1523611419659,1900544,116,-56,-1,-1,0
1523611419699,1966080,116,-56,-1,-1,0
1523611419699,2031616,116,-56,-1,-1,0
1523611419699,2293760,116,-56,-1,-1,0
1523611419699,2424832,116,-56,-1,-1,0
1523611419699,2359296,116,-56,-1,-1,0
1523611419739,2097152,116,-56,-1,-1,0
1523611419739,2031616,116,-56,-1,-1,0
1523611419739,1966080,116,-56,-1,-1,0
1523611419739,1900544,116,-56,-1,-1,0
1523611419739,2031616,116,-56,-1,-1,0
1523611419779,2097152,116,-56,-1,-1,0
1523611419779,1835008,116,-56,-1,-1,0
1523611419779,1638400,116,-56,-1,-1,0
1523611419779,1507328,116,-56,-1,-1,0
1523611419779,1572864,116,-56,-1,-1,0
1523611419819,1441792,116,-56,-1,-1,0
1523611419819,1048576,116,-56,-1,-1,0
1523611419819,589824,116,-56,-1,-1,0
1523611419819,458752,116,-56,-1,-1,0
1523611419819,262144,116,-56,-1,-1,0
1523611419859,0,116,-56,-1,-1,0
1523611419859,-65536,116,-56,-1,-1,0
1523611419859,0,116,-56,-1,-1,0
1523611419859,0,116,-56,-1,-1,0
1523611419859,-131072,116,-56,-1,-1,0
1523611419899,-393216,116,-56,-1,-1,0
1523611419899,-393216,116,-56,-1,-1,0
1523611419899,-262144,116,-56,-1,-1,0
1523611419899,-327680,116,-56,-1,-1,0
1523611419899,-524288,116,-56,-1,-1,0
1523611419939,-458752,116,-56,-1,-1,0
1523611419939,-262144,116,-56,-1,-1,0
1523611419939,-262144,116,-56,-1,-1,0
1523611419939,-393216,116,-56,-1,-1,0
1523611419939,-327680,116,-56,-1,-1,0
1523611419979,-327680,116,-56,-1,-1,0
1523611419979,-655360,116,-56,-1,-1,0
1523611419979,-983040,116,-56,-1,-1,0
1523611419979,-655360,116,-56,-1,-1,0
1523611419979,-262144,116,-56,-1,-1,0
1523611420019,-458752,116,-56,-1,-1,0
1523611420019,-786432,116,-56,-1,-1,0
1523611420019,-851968,116,-56,-1,-1,0
1523611420019,-917504,116,-56,-1,-1,0
1523611420019,-1114112,116,-56,-1,-1,0
1523611420059,-786432,116,-56,-1,-1,0
1523611420059,983040,116,-56,-1,-1,0
1523611420059,5439488,116,-56,-1,-1,0
1523611420059,10944512,116,-56,-1,-1,0
1523611420059,11206656,116,-56,-1,-1,0
1523611420099,4915200,116,-56,-1,-1,0
1523611420099,-917504,116,-56,-1,-1,0
1523611420099,-1835008,116,-56,-1,-1,0
1523611420099,-983040,116,-56,-1,-1,0
1523611420099,-1114112,116,-56,-1,-1,0
1523611420140,-1769472,116,-56,-1,-1,0
1523611420140,-2097152,116,-56,-1,-1,0
1523611420140,-1703936,116,-56,-1,-1,0
1523611420140,-1179648,116,-56,-1,-1,0
1523611420140,-1114112,116,-56,-1,-1,0
1523611420179,-1441792,116,-56,-1,-1,0
1523611420179,-1835008,116,-56,-1,-1,0
1523611420179,-1703936,116,-56,-1,-1,0
1523611420179,-1114112,116,-56,-1,-1,0
1523611420179,-1310720,116,-56,-1,-1,0
1523611420219,-2097152,116,-56,-1,-1,0
1523611420219,-1376256,116,-56,-1,-1,0
1523611420219,-786432,116,-56,-1,-1,0
1523611420219,-262144,116,-56,-1,-1,0
1523611420219,-196608,116,-56,-1,-1,0
1523611420259,131072,116,-56,-1,-1,0
1523611420259,65536,116,-56,-1,-1,0
1523611420259,-196608,116,-56,-1,-1,0
1523611420259,-262144,116,-56,-1,-1,0
1523611420259,65536,116,-56,-1,-1,0
1523611420299,0,116,-56,-1,-1,0
1523611420299,-458752,116,-56,-1,-1,0
1523611420299,-458752,116,-56,-1,-1,0
1523611420299,-65536,116,-56,-1,-1,0
1523611420299,-327680,116,-56,-1,-1,0
1523611420339,-1048576,116,-56,-1,-1,0
1523611420339,-1310720,116,-56,-1,-1,0
1523611420339,-458752,116,-56,-1,-1,0
1523611420339,-458752,116,-56,-1,-1,0
1523611420339,-1245184,116,-56,-1,-1,0
1523611420379,-2097152,117,-56,-1,-1,0
1523611420379,-2293760,117,-56,-1,-1,0
1523611420379,-1769472,117,-56,-1,-1,0
1523611420379,-1376256,117,-56,-1,-1,0
1523611420379,-1638400,117,-56,-1,-1,0
1523611420419,-1703936,117,-56,-1,-1,0
1523611420419,-1507328,117,-56,-1,-1,0
1523611420419,-1835008,117,-56,-1,-1,0
1523611420419,-1900544,117,-56,-1,-1,0
1523611420419,-1507328,117,-56,-1,-1,0
1523611420459,-917504,117,-56,-1,-1,0
1523611420459,-917504,117,-56,-1,-1,0
1523611420459,-1376256,117,-56,-1,-1,0
1523611420459,-1572864,117,-56,-1,-1,0
1523611420459,-1179648,117,-56,-1,-1,0
1523611420499,-786432,117,-56,-1,-1,0
1523611420499,-983040,117,-56,-1,-1,0
1523611420499,-851968,117,-56,-1,-1,0
1523611420499,-393216,117,-56,-1,-1,0
1523611420499,-655360,117,-56,-1,-1,0
1523611420539,-1114112,117,-56,-1,-1,0
1523611420539,-1835008,117,-56,-1,-1,0
1523611420539,-1572864,117,-56,-1,-1,0
1523611420539,-851968,117,-56,-1,-1,0
1523611420539,-196608,117,-56,-1,-1,0
1523611420579,1572864,117,-56,-1,-1,0
1523611420579,6488064,117,-56,-1,-1,0
1523611420579,10878976,117,-56,-1,-1,0
1523611420579,9109504,117,-56,-1,-1,0
1523611420579,2555904,117,-56,-1,-1,0
1523611420619,-1441792,117,-56,-1,-1,0
1523611420619,-1376256,117,-56,-1,-1,0
1523611420619,-1048576,117,-56,-1,-1,0
1523611420619,-1114112,117,-56,-1,-1,0
1523611420619,-1507328,117,-56,-1,-1,0
1523611420659,-1966080,117,-56,-1,-1,0
1523611420659,-1966080,117,-56,-1,-1,0
1523611420659,-1507328,117,-56,-1,-1,0
1523611420659,-1376256,117,-56,-1,-1,0
1523611420659,-1507328,117,-56,-1,-1,0
1523611420699,-1703936,117,-56,-1,-1,0
1523611420699,-1769472,117,-56,-1,-1,0
1523611420699,-1507328,117,-56,-1,-1,0
1523611420699,-1310720,117,-56,-1,-1,0
1523611420699,-1179648,117,-56,-1,-1,0
1523611420739,-524288,117,-56,-1,-1,0
1523611420739,65536,117,-56,-1,-1,0
1523611420739,196608,117,-56,-1,-1,0
1523611420739,65536,117,-56,-1,-1,0
1523611420739,327680,117,-56,-1,-1,0
1523611420780,655360,117,-56,-1,-1,0
1523611420780,655360,117,-56,-1,-1,0
1523611420780,262144,117,-56,-1,-1,0
1523611420780,262144,117,-56,-1,-1,0
1523611420780,393216,117,-56,-1,-1,0
1523611420819,524288,117,-56,-1,-1,0
1523611420819,262144,117,-56,-1,-1,0
1523611420819,65536,117,-56,-1,-1,0
1523611420819,131072,117,-56,-1,-1,0
1523611420819,65536,117,-56,-1,-1,0
1523611420859,-196608,117,-56,-1,-1,0
1523611420859,-262144,117,-56,-1,-1,0
1523611420859,-458752,117,-56,-1,-1,0
1523611420859,-458752,117,-56,-1,-1,0
1523611420859,-655360,117,-56,-1,-1,0
1523611420899,-720896,117,-56,-1,-1,0
1523611420899,-786432,117,-56,-1,-1,0
1523611420899,-655360,117,-56,-1,-1,0
1523611420899,-655360,117,-56,-1,-1,0
1523611420899,-720896,117,-56,-1,-1,0
1523611420939,-917504,117,-56,-1,-1,0
1523611420939,-917504,117,-56,-1,-1,0
1523611420939,-917504,117,-56,-1,-1,0
1523611420939,-786432,117,-56,-1,-1,0
1523611420939,-851968,117,-56,-1,-1,0
1523611420979,-655360,117,-56,-1,-1,0
1523611420979,-720896,117,-56,-1,-1,0
1523611420979,-655360,117,-56,-1,-1,0
1523611420979,-786432,117,-56,-1,-1,0
1523611420979,-1048576,117,-56,-1,-1,0
1523611421019,-1310720,117,-56,-1,-1,0
1523611421019,-1376256,117,-56,-1,-1,0
1523611421019,-1441792,117,-56,-1,-1,0
1523611421019,-1441792,117,-56,-1,-1,0
1523611421019,-1441792,117,-56,-1,-1,0
1523611421059,-1310720,117,-56,-1,-1,0
1523611421059,-1179648,117,-56,-1,-1,0
1523611421059,-720896,117,-56,-1,-1,0
1523611421059,262144,117,-56,-1,-1,0
1523611421059,3014656,117,-56,-1,-1,0
1523611421099,7929856,117,-56,-1,-1,0
1523611421099,11403264,117,-56,-1,-1,0
1523611421099,8519680,117,-56,-1,-1,0
1523611421099,2424832,117,-56,-1,-1,0
1523611421099,-393216,117,-56,-1,-1,0
1523611421139,327680,117,-56,-1,-1,0
1523611421139,1179648,117,-56,-1,-1,0
1523611421139,1310720,117,-56,-1,-1,0
1523611421139,1245184,117,-56,-1,-1,0
1523611421139,1179648,117,-56,-1,-1,0
1523611421179,1114112,117,-56,-1,-1,0
1523611421179,1114112,117,-56,-1,-1,0
1523611421179,1245184,117,-56,-1,-1,0
1523611421179,1376256,117,-56,-1,-1,0
1523611421179,1441792,117,-56,-1,-1,0
1523611421219,1572864,117,-56,-1,-1,0
1523611421219,1703936,117,-56,-1,-1,0
1523611421219,1638400,117,-56,-1,-1,0
1523611421219,1507328,117,-56,-1,-1,0
1523611421219,1376256,117,-56,-1,-1,0
1523611421259,1507328,117,-56,-1,-1,0
1523611421259,1638400,117,-56,-1,-1,0
1523611421259,1638400,117,-56,-1,-1,0
1523611421259,1638400,117,-56,-1,-1,0
1523611421259,1769472,117,-56,-1,-1,0
1523611421299,2031616,117,-56,-1,-1,0
1523611421299,1769472,117,-56,-1,-1,0
1523611421299,1310720,117,-56,-1,-1,0
1523611421299,1114112,117,-56,-1,-1,0
1523611421299,1114112,117,-56,-1,-1,0
1523611421339,1048576,117,-56,-1,-1,0
1523611421339,786432,117,-56,-1,-1,0
1523611421339,262144,117,-56,-1,-1,0
1523611421339,0,117,-56,-1,-1,0
1523611421339,-65536,117,-56,-1,-1,0
1523611421379,-131072,117,-56,-1,-1,0
1523611421379,-393216,117,-56,-1,-1,0
1523611421379,-655360,117,-56,-1,-1,0
1523611421379,-851968,117,-56,-1,-1,0
1523611421379,-851968,117,-56,-1,-1,0
1523611421420,-720896,117,-56,-1,-1,0
1523611421420,-655360,117,-56,-1,-1,0
1523611421420,-786432,117,-56,-1,-1,0
1523611421420,-1048576,117,-56,-1,-1,0
1523611421420,-1310720,117,-56,-1,-1,0
1523611421459,-1310720,117,-56,-1,-1,0
1523611421459,-983040,117,-56,-1,-1,0
1523611421459,-720896,117,-56,-1,-1,0
1523611421459,-983040,117,-56,-1,-1,0
1523611421459,-1310720,117,-56,-1,-1,0
1523611421499,-1114112,117,-56,-1,-1,0
1523611421499,-720896,117,-56,-1,-1,0
1523611421499,-786432,117,-56,-1,-1,0
1523611421499,-1245184,117,-56,-1,-1,0
1523611421499,-1310720,117,-56,-1,-1,0
1523611421539,-917504,117,-56,-1,-1,0
1523611421539,-1048576,117,-56,-1,-1,0
1523611421539,-2097152,117,-56,-1,-1,0
1523611421539,-2097152,117,-56,-1,-1,0
1523611421539,-1310720,117,-56,-1,-1,0
1523611421579,-1048576,117,-56,-1,-1,0
1523611421579,-1703936,117,-56,-1,-1,0
1523611421579,-1638400,117,-56,-1,-1,0
1523611421579,-262144,117,-56,-1,-1,0
1523611421579,3276800,117,-56,-1,-1,0
1523611421619,7798784,117,-56,-1,-1,0
1523611421619,8650752,117,-56,-1,-1,0
1523611421619,4259840,117,-56,-1,-1,0
1523611421619,-720896,117,-56,-1,-1,0
1523611421619,-2621440,117,-56,-1,-1,0
1523611421659,-1900544,117,-56,-1,-1,0
1523611421659,-1310720,117,-56,-1,-1,0
1523611421659,-1703936,117,-56,-1,-1,0
1523611421659,-2555904,117,-56,-1,-1,0
1523611421659,-2555904,117,-56,-1,-1,0
1523611421699,-2031616,117,-56,-1,-1,0
1523611421699,-1638400,117,-56,-1,-1,0
1523611421699,-1572864,117,-56,-1,-1,0
1523611421699,-1769472,117,-56,-1,-1,0
1523611421699,-1310720,117,-56,-1,-1,0
1523611421739,-983040,117,-56,-1,-1,0
1523611421739,-917504,117,-56,-1,-1,0
1523611421739,-851968,117,-56,-1,-1,0
1523611421739,-655360,117,-56,-1,-1,0
1523611421739,-983040,117,-56,-1,-1,0
1523611421780,-1114112,117,-56,-1,-1,0
1523611421780,-1048576,117,-56,-1,-1,0
1523611421780,-458752,117,-56,-1,-1,0
1523611421780,131072,117,-56,-1,-1,0
1523611421780,393216,117,-56,-1,-1,0
1523611421819,65536,117,-56,-1,-1,0
1523611421819,-524288,117,-56,-1,-1,0
1523611421819,-327680,117,-56,-1,-1,0
1523611421819,-262144,117,-56,-1,-1,0
1523611421819,-327680,117,-56,-1,-1,0
1523611421859,-524288,117,-56,-1,-1,0
1523611421859,-589824,117,-56,-1,-1,0
1523611421859,-1245184,117,-56,-1,-1,0
1523611421859,-1572864,117,-56,-1,-1,0
1523611421859,-1507328,117,-56,-1,-1,0
1523611421899,-1376256,117,-56,-1,-1,0
1523611421899,-1245184,117,-56,-1,-1,0
1523611421899,-917504,117,-56,-1,-1,0
1523611421899,-1179648,117,-56,-1,-1,0
1523611421899,-917504,117,-56,-1,-1,0
1523611421939,-458752,117,-56,-1,-1,0
1523611421939,-917504,117,-56,-1,-1,0
1523611421939,-1572864,117,-56,-1,-1,0
1523611421939,-1572864,117,-56,-1,-1,0
1523611421939,-1179648,117,-56,-1,-1,0
1523611421979,-1376256,117,-56,-1,-1,0
1523611421979,-1769472,117,-56,-1,-1,0
1523611421979,-1507328,117,-56,-1,-1,0
1523611421979,-655360,117,-56,-1,-1,0
1523611421979,-851968,117,-56,-1,-1,0
1523611422019,-1376256,117,-56,-1,-1,0
1523611422019,-1572864,117,-56,-1,-1,0
1523611422019,-1441792,117,-56,-1,-1,0
1523611422019,-1310720,117,-56,-1,-1,0
1523611422019,-1245184,117,-56,-1,-1,0
1523611422060,-1245184,117,-56,-1,-1,0
1523611422060,-1638400,117,-56,-1,-1,0
1523611422060,-1835008,117,-56,-1,-1,0
1523611422060,-1638400,117,-56,-1,-1,0
1523611422060,-1835008,117,-56,-1,-1,0
1523611422099,-1703936,117,-56,-1,-1,0
1523611422099,-1376256,117,-56,-1,-1,0
1523611422099,-196608,117,-56,-1,-1,0
1523611422099,3211264,117,-56,-1,-1,0
1523611422099,8847360,117,-56,-1,-1,0
1523611422139,9830400,117,-56,-1,-1,0
1523611422139,4784128,117,-56,-1,-1,0
1523611422139,-917504,117,-56,-1,-1,0
1523611422139,-2424832,117,-56,-1,-1,0
1523611422139,-1769472,117,-56,-1,-1,0
1523611422179,-1507328,117,-56,-1,-1,0
1523611422179,-1179648,117,-56,-1,-1,0
1523611422179,-1441792,117,-56,-1,-1,0
1523611422179,-1638400,117,-56,-1,-1,0
1523611422179,-1507328,117,-56,-1,-1,0
1523611422219,-983040,117,-56,-1,-1,0
1523611422219,-786432,117,-56,-1,-1,0
1523611422219,-524288,117,-56,-1,-1,0
1523611422219,0,117,-56,-1,-1,0
1523611422219,131072,117,-56,-1,-1,0
1523611422259,131072,117,-56,-1,-1,0
1523611422259,393216,117,-56,-1,-1,0
1523611422259,589824,117,-56,-1,-1,0
1523611422259,917504,117,-56,-1,-1,0
1523611422259,1179648,117,-56,-1,-1,0
1523611422299,1441792,117,-56,-1,-1,0
1523611422299,1507328,117,-56,-1,-1,0
1523611422299,1048576,117,-56,-1,-1,0
1523611422299,917504,117,-56,-1,-1,0
1523611422299,1179648,117,-56,-1,-1,0
1523611422339,1376256,117,-56,-1,-1,0
1523611422339,524288,117,-56,-1,-1,0
1523611422339,131072,117,-56,-1,-1,0
1523611422339,0,117,-56,-1,-1,0
1523611422339,0,117,-56,-1,-1,0
1523611422379,-196608,117,-56,-1,-1,0
1523611422379,-589824,117,-56,-1,-1,0
1523611422379,-983040,117,-56,-1,-1,0
1523611422379,-1310720,117,-56,-1,-1,0
1523611422379,-1441792,117,-56,-1,-1,0
1523611422419,-1572864,117,-56,-1,-1,0
1523611422419,-1507328,117,-56,-1,-1,0
1523611422419,-1507328,117,-56,-1,-1,0
1523611422419,-1507328,117,-56,-1,-1,0
1523611422419,-1572864,117,-56,-1,-1,0
1523611422459,-1638400,117,-56,-1,-1,0
1523611422459,-1638400,117,-56,-1,-1,0
1523611422459,-1572864,117,-56,-1,-1,0
1523611422459,-1441792,117,-56,-1,-1,0
1523611422459,-1245184,117,-56,-1,-1,0
1523611422499,-1048576,117,-56,-1,-1,0
1523611422499,-917504,117,-56,-1,-1,0
1523611422499,-786432,117,-56,-1,-1,0
1523611422499,-720896,117,-56,-1,-1,0
1523611422499,-786432,117,-56,-1,-1,0
1523611422539,-983040,117,-56,-1,-1,0
1523611422539,-1114112,117,-56,-1,-1,0
1523611422539,-1310720,117,-56,-1,-1,0
1523611422539,-1310720,117,-56,-1,-1,0
1523611422539,-1179648,117,-56,-1,-1,0
1523611422579,-786432,117,-56,-1,-1,0
1523611422579,-327680,117,-56,-1,-1,0
1523611422579,196608,117,-56,-1,-1,0
1523611422579,524288,117,-56,-1,-1,0
1523611422579,393216,117,-56,-1,-1,0
1523611422619,393216,117,-56,-1,-1,0
1523611422619,1835008,117,-56,-1,-1,0
1523611422619,6094848,117,-56,-1,-1,0
1523611422619,11599872,117,-56,-1,-1,0
1523611422619,12255232,117,-56,-1,-1,0
1523611422659,6750208,117,-56,-1,-1,0
1523611422659,1310720,117,-56,-1,-1,0
1523611422659,131072,117,-56,-1,-1,0
1523611422659,524288,117,-56,-1,-1,0
1523611422659,589824,117,-56,-1,-1,0
1523611422700,524288,117,-56,-1,-1,0
1523611422700,524288,117,-56,-1,-1,0
1523611422700,655360,117,-56,-1,-1,0
1523611422700,851968,117,-56,-1,-1,0
1523611422700,851968,117,-56,-1,-1,0
1523611422739,720896,117,-56,-1,-1,0
1523611422739,655360,117,-56,-1,-1,0
1523611422739,786432,117,-56,-1,-1,0
1523611422739,851968,117,-56,-1,-1,0
1523611422739,851968,117,-56,-1,-1,0
1523611422779,851968,117,-56,-1,-1,0
1523611422779,1245184,117,-56,-1,-1,0
1523611422779,1441792,117,-56,-1,-1,0
1523611422779,1376256,117,-56,-1,-1,0
1523611422779,1376256,117,-56,-1,-1,0
1523611422819,1572864,117,-56,-1,-1,0
1523611422819,1441792,117,-56,-1,-1,0
1523611422819,1179648,117,-56,-1,-1,0
1523611422819,917504,117,-56,-1,-1,0
1523611422819,720896,117,-56,-1,-1,0
1523611422859,589824,117,-56,-1,-1,0
1523611422859,786432,117,-56,-1,-1,0
1523611422859,1048576,117,-56,-1,-1,0
1523611422859,1048576,117,-56,-1,-1,0
1523611422859,851968,117,-56,-1,-1,0
1523611422899,524288,117,-56,-1,-1,0
1523611422899,196608,117,-56,-1,-1,0
1523611422899,0,117,-56,-1,-1,0
1523611422899,-196608,117,-56,-1,-1,0
1523611422899,-131072,117,-56,-1,-1,0
1523611422939,0,117,-56,-1,-1,0
1523611422939,0,117,-56,-1,-1,0
1523611422939,0,117,-56,-1,-1,0
1523611422939,0,117,-56,-1,-1,0
1523611422939,-196608,117,-56,-1,-1,0
1523611422979,-327680,117,-56,-1,-1,0
1523611422979,-327680,117,-56,-1,-1,0
1523611422979,-196608,117,-56,-1,-1,0
1523611422979,65536,117,-56,-1,-1,0
1523611422979,-589824,117,-56,-1,-1,0
1523611423019,-1572864,117,-56,-1,-1,0
1523611423019,-1900544,117,-56,-1,-1,0
1523611423019,-851968,117,-56,-1,-1,0
1523611423019,-131072,117,-56,-1,-1,0
1523611423019,-262144,117,-56,-1,-1,0
1523611423059,-720896,117,-56,-1,-1,0
1523611423059,-851968,117,-56,-1,-1,0
1523611423059,-1114112,117,-56,-1,-1,0
1523611423059,-1966080,117,-56,-1,-1,0
1523611423059,-1900544,117,-56,-1,-1,0
1523611423099,-1376256,117,-56,-1,-1,0
1523611423099,-1114112,117,-56,-1,-1,0
1523611423099,-1441792,117,-56,-1,-1,0
1523611423099,-1572864,117,-56,-1,-1,0
1523611423099,-1376256,117,-56,-1,-1,0
1523611423139,-655360,117,-56,-1,-1,0
1523611423139,1572864,117,-56,-1,-1,0
1523611423139,6029312,117,-56,-1,-1,0
1523611423139,8912896,117,-56,-1,-1,0
1523611423139,6029312,117,-56,-1,-1,0
1523611423179,524288,117,-56,-1,-1,0
1523611423179,-2031616,117,-56,-1,-1,0
1523611423179,-1769472,117,-56,-1,-1,0
1523611423179,-1310720,117,-56,-1,-1,0
1523611423179,-1572864,117,-56,-1,-1,0
1523611423219,-1769472,117,-56,-1,-1,0
1523611423219,-2162688,117,-56,-1,-1,0
1523611423219,-1703936,117,-56,-1,-1,0
1523611423219,-1114112,117,-56,-1,-1,0
1523611423219,-1048576,117,-56,-1,-1,0
1523611423259,-983040,117,-56,-1,-1,0
1523611423259,-983040,117,-56,-1,-1,0
1523611423259,-983040,117,-56,-1,-1,0
1523611423259,-1310720,117,-56,-1,-1,0
1523611423259,-1703936,117,-56,-1,-1,0
1523611423299,-1572864,117,-56,-1,-1,0
1523611423299,-917504,117,-56,-1,-1,0
1523611423299,-327680,117,-56,-1,-1,0
1523611423299,-131072,117,-56,-1,-1,0
1523611423299,-65536,117,-56,-1,-1,0
1523611423340,-196608,117,-56,-1,-1,0
1523611423340,-524288,117,-56,-1,-1,0
1523611423340,-458752,117,-56,-1,-1,0
1523611423340,-851968,117,-56,-1,-1,0
1523611423340,-983040,117,-56,-1,-1,0
1523611423379,-917504,117,-56,-1,-1,0
1523611423379,-655360,117,-56,-1,-1,0
1523611423379,-524288,117,-56,-1,-1,0
1523611423379,-786432,117,-56,-1,-1,0
1523611423379,-655360,117,-56,-1,-1,0
1523611423419,-327680,117,-56,-1,-1,0
1523611423419,-655360,117,-56,-1,-1,0
1523611423419,-1310720,117,-56,-1,-1,0
1523611423419,-1114112,117,-56,-1,-1,0
1523611423419,-589824,117,-56,-1,-1,0
1523611423459,-917504,117,-56,-1,-1,0
1523611423459,-1310720,117,-56,-1,-1,0
1523611423459,-1179648,117,-56,-1,-1,0
1523611423459,-786432,117,-56,-1,-1,0
1523611423459,-851968,117,-56,-1,-1,0
1523611423499,-1441792,117,-56,-1,-1,0
1523611423499,-1572864,117,-56,-1,-1,0
1523611423499,-1179648,117,-56,-1,-1,0
1523611423499,-983040,117,-56,-1,-1,0
1523611423499,-1310720,117,-56,-1,-1,0
1523611423539,-1572864,117,-56,-1,-1,0
1523611423539,-458752,117,-56,-1,-1,0
1523611423539,-458752,117,-56,-1,-1,0
1523611423539,-1048576,117,-56,-1,-1,0
1523611423539,-1703936,117,-56,-1,-1,0
1523611423579,-1376256,117,-56,-1,-1,0
1523611423579,-720896,117,-56,-1,-1,0
1523611423579,-983040,117,-56,-1,-1,0
1523611423579,-1507328,117,-56,-1,-1,0
1523611423579,-1769472,117,-56,-1,-1,0
1523611423619,-1245184,117,-56,-1,-1,0
1523611423619,-1441792,117,-56,-1,-1,0
1523611423619,-1769472,117,-56,-1,-1,0
1523611423619,-1179648,117,-56,-1,-1,0
1523611423619,458752,117,-56,-1,-1,0
1523611423659,3866624,117,-56,-1,-1,0
1523611423659,8650752,117,-56,-1,-1,0
1523611423659,10747904,117,-56,-1,-1,0
1523611423659,6160384,117,-56,-1,-1,0
1523611423659,327680,117,-56,-1,-1,0
1523611423699,-1507328,117,-56,-1,-1,0
1523611423699,-1376256,117,-56,-1,-1,0
1523611423699,-1376256,117,-56,-1,-1,0
1523611423699,-1245184,117,-56,-1,-1,0
1523611423699,-524288,117,-56,-1,-1,0
1523611423739,-524288,117,-56,-1,-1,0
1523611423739,-917504,117,-56,-1,-1,0
1523611423739,-720896,117,-56,-1,-1,0
1523611423739,-131072,117,-56,-1,-1,0
1523611423739,131072,117,-56,-1,-1,0
1523611423779,0,117,-56,-1,-1,0
1523611423779,0,117,-56,-1,-1,0
1523611423779,65536,117,-56,-1,-1,0
1523611423779,131072,117,-56,-1,-1,0
1523611423779,196608,117,-56,-1,-1,0
1523611423819,196608,117,-56,-1,-1,0
1523611423819,524288,117,-56,-1,-1,0
1523611423819,720896,117,-56,-1,-1,0
1523611423819,589824,117,-56,-1,-1,0
1523611423819,524288,117,-56,-1,-1,0
1523611423859,524288,117,-56,-1,-1,0
1523611423859,458752,117,-56,-1,-1,0
1523611423859,262144,117,-56,-1,-1,0
1523611423859,65536,117,-56,-1,-1,0
1523611423859,0,117,-56,-1,-1,0
1523611423899,-65536,117,-56,-1,-1,0
1523611423899,-196608,117,-56,-1,-1,0
1523611423899,-393216,117,-56,-1,-1,0
1523611423899,-655360,117,-56,-1,-1,0
1523611423899,-851968,117,-56,-1,-1,0
1523611423939,-1048576,117,-56,-1,-1,0
1523611423939,-1310720,117,-56,-1,-1,0
1523611423939,-1376256,117,-56,-1,-1,0
1523611423939,-1376256,117,-56,-1,-1,0
1523611423939,-1441792,117,-56,-1,-1,0
1523611423980,-1572864,117,-56,-1,-1,0
1523611423980,-1507328,117,-56,-1,-1,0
1523611423980,-1245184,117,-56,-1,-1,0
1523611423980,-1048576,117,-56,-1,-1,0
1523611423980,-983040,117,-56,-1,-1,0
1523611424019,-917504,117,-56,-1,-1,0
1523611424019,-720896,117,-56,-1,-1,0
1523611424019,-458752,117,-56,-1,-1,0
1523611424019,-131072,117,-56,-1,-1,0
1523611424019,131072,117,-56,-1,-1,0
1523611424059,524288,117,-56,-1,-1,0
1523611424059,851968,117,-56,-1,-1,0
1523611424059,983040,117,-56,-1,-1,0
1523611424059,786432,117,-56,-1,-1,0
1523611424059,196608,117,-56,-1,-1,0
1523611424099,-196608,117,-56,-1,-1,0
1523611424099,-196608,117,-56,-1,-1,0
1523611424099,131072,117,-56,-1,-1,0
1523611424099,458752,117,-56,-1,-1,0
1523611424099,589824,117,-56,-1,-1,0
1523611424139,786432,117,-56,-1,-1,0
1523611424139,1048576,117,-56,-1,-1,0
1523611424139,1769472,117,-56,-1,-1,0
1523611424139,3604480,117,-56,-1,-1,0
1523611424139,7602176,117,-56,-1,-1,0
1523611424179,12058624,117,-56,-1,-1,0
1523611424179,11272192,117,-56,-1,-1,0
1523611424179,5242880,117,-56,-1,-1,0
1523611424179,393216,117,-56,-1,-1,0
1523611424179,0,117,-56,-1,-1,0
1523611424219,851968,117,-56,-1,-1,0
1523611424219,1048576,117,-56,-1,-1,0
1523611424219,1114112,117,-56,-1,-1,0
1523611424219,1114112,117,-56,-1,-1,0
1523611424219,1114112,117,-56,-1,-1,0
1523611424259,1048576,117,-56,-1,-1,0
1523611424259,917504,117,-56,-1,-1,0
1523611424259,720896,117,-56,-1,-1,0
1523611424259,524288,117,-56,-1,-1,0
1523611424259,524288,117,-56,-1,-1,0
1523611424299,720896,117,-56,-1,-1,0
1523611424299,983040,117,-56,-1,-1,0
1523611424299,851968,117,-56,-1,-1,0
1523611424299,655360,117,-56,-1,-1,0
1523611424299,655360,117,-56,-1,-1,0
1523611424339,655360,117,-56,-1,-1,0
1523611424339,720896,117,-56,-1,-1,0
1523611424339,1179648,117,-56,-1,-1,0
1523611424339,1245184,117,-56,-1,-1,0
1523611424339,786432,117,-56,-1,-1,0
1523611424379,458752,117,-56,-1,-1,0
1523611424379,524288,117,-56,-1,-1,0
1523611424379,589824,117,-56,-1,-1,0
1523611424379,458752,117,-56,-1,-1,0
1523611424379,131072,117,-56,-1,-1,0
1523611424419,65536,117,-56,-1,-1,0
1523611424419,327680,117,-56,-1,-1,0
1523611424419,458752,117,-56,-1,-1,0
1523611424419,-65536,117,-56,-1,-1,0
1523611424419,-983040,117,-56,-1,-1,0
1523611424459,-1376256,117,-56,-1,-1,0
1523611424459,-1048576,117,-56,-1,-1,0
1523611424459,-655360,117,-56,-1,-1,0
1523611424459,-851968,117,-56,-1,-1,0
1523611424459,-917504,117,-56,-1,-1,0
1523611424499,-524288,117,-56,-1,-1,0
1523611424499,-458752,117,-56,-1,-1,0
1523611424499,-851968,117,-56,-1,-1,0
1523611424499,-786432,117,-56,-1,-1,0
1523611424499,-786432,117,-56,-1,-1,0
1523611424539,-1048576,117,-56,-1,-1,0
1523611424539,-1441792,117,-56,-1,-1,0
1523611424539,-1835008,117,-56,-1,-1,0
1523611424539,-1769472,117,-56,-1,-1,0
1523611424539,-1769472,117,-56,-1,-1,0
1523611424579,-1507328,117,-56,-1,-1,0
1523611424579,-1114112,117,-56,-1,-1,0
1523611424579,-983040,117,-56,-1,-1,0
1523611424579,-1376256,117,-56,-1,-1,0
1523611424579,-1966080,117,-56,-1,-1,0
1523611424620,-2359296,117,-56,-1,-1,0
1523611424620,-2949120,117,-56,-1,-1,0
1523611424620,-3145728,117,-56,-1,-1,0
1523611424620,-2359296,117,-56,-1,-1,0
1523611424620,-1703936,117,-56,-1,-1,0
1523611424659,-1835008,117,-56,-1,-1,0
1523611424659,-1507328,117,-56,-1,-1,0
1523611424659,0,117,-56,-1,-1,0
1523611424659,3342336,117,-56,-1,-1,0
1523611424659,7471104,117,-56,-1,-1,0
1523611424699,7405568,117,-56,-1,-1,0
1523611424699,2359296,117,-56,-1,-1,0
1523611424699,-1900544,117,-56,-1,-1,0
1523611424699,-2228224,117,-56,-1,-1,0
1523611424699,-1638400,117,-56,-1,-1,0
1523611424739,-1310720,117,-56,-1,-1,0
1523611424739,-1769472,117,-56,-1,-1,0
1523611424739,-2359296,117,-56,-1,-1,0
1523611424739,-2359296,117,-56,-1,-1,0
1523611424739,-1769472,117,-56,-1,-1,0
1523611424779,-1310720,117,-56,-1,-1,0
1523611424779,-1441792,117,-56,-1,-1,0
1523611424779,-1966080,117,-56,-1,-1,0
1523611424779,-2228224,117,-56,-1,-1,0
1523611424779,-1703936,117,-56,-1,-1,0
1523611424819,-1245184,117,-56,-1,-1,0
1523611424819,-1572864,117,-56,-1,-1,0
1523611424819,-1769472,117,-56,-1,-1,0
1523611424819,-1638400,117,-56,-1,-1,0
1523611424819,-851968,117,-56,-1,-1,0
1523611424859,-262144,117,-56,-1,-1,0
1523611424859,131072,117,-56,-1,-1,0
1523611424859,65536,117,-56,-1,-1,0
1523611424859,0,117,-56,-1,-1,0
1523611424859,-327680,117,-56,-1,-1,0
1523611424899,-655360,117,-56,-1,-1,0
1523611424899,-983040,117,-56,-1,-1,0
1523611424899,-262144,117,-56,-1,-1,0
1523611424899,131072,117,-56,-1,-1,0
1523611424899,0,117,-56,-1,-1,0
1523611424939,-589824,117,-56,-1,-1,0
1523611424939,-1245184,117,-56,-1,-1,0
1523611424939,-1638400,117,-56,-1,-1,0
1523611424939,-1114112,117,-56,-1,-1,0
1523611424939,-131072,117,-56,-1,-1,0
1523611424979,-327680,117,-56,-1,-1,0
1523611424979,-1310720,117,-56,-1,-1,0
1523611424979,-1966080,117,-56,-1,-1,0
1523611424979,-1507328,117,-56,-1,-1,0
1523611424979,-983040,117,-56,-1,-1,0
1523611425019,-1310720,117,-56,-1,-1,0
1523611425019,-1835008,117,-56,-1,-1,0
1523611425019,-1835008,117,-56,-1,-1,0
1523611425019,-1769472,117,-56,-1,-1,0
1523611425019,-2293760,117,-56,-1,-1,0
1523611425059,-2490368,117,-56,-1,-1,0
1523611425059,-1900544,117,-56,-1,-1,0
1523611425059,-1572864,117,-56,-1,-1,0
1523611425059,-1310720,117,-56,-1,-1,0
1523611425059,-1048576,117,-56,-1,-1,0
1523611425099,-589824,117,-56,-1,-1,0
1523611425099,-786432,117,-56,-1,-1,0
1523611425099,-1179648,117,-56,-1,-1,0
1523611425099,-1245184,117,-56,-1,-1,0
1523611425099,-983040,117,-56,-1,-1,0
1523611425139,-786432,117,-56,-1,-1,0
1523611425139,-917504,117,-56,-1,-1,0
1523611425139,-1048576,117,-56,-1,-1,0
1523611425139,-589824,117,-56,-1,-1,0
1523611425139,65536,117,-56,-1,-1,0
1523611425179,1966080,117,-56,-1,-1,0
1523611425179,6291456,117,-56,-1,-1,0
1523611425179,11534336,117,-56,-1,-1,0
1523611425179,10878976,117,-56,-1,-1,0
1523611425179,4390912,117,-56,-1,-1,0
1523611425219,-458752,117,-56,-1,-1,0
1523611425219,-589824,117,-56,-1,-1,0
1523611425219,0,117,-56,-1,-1,0
1523611425219,196608,117,-56,-1,-1,0
1523611425219,0,117,-56,-1,-1,0
1523611425260,0,117,-56,-1,-1,0
1523611425260,-131072,117,-56,-1,-1,0
1523611425260,-131072,117,-56,-1,-1,0
1523611425260,-131072,117,-56,-1,-1,0
1523611425260,-131072,117,-56,-1,-1,0
1523611425299,-131072,117,-56,-1,-1,0
1523611425299,-65536,117,-56,-1,-1,0
1523611425299,-65536,117,-56,-1,-1,0
1523611425299,0,117,-56,-1,-1,0
1523611425299,65536,117,-56,-1,-1,0
1523611425339,327680,117,-56,-1,-1,0
1523611425339,524288,117,-56,-1,-1,0
1523611425339,720896,117,-56,-1,-1,0
1523611425339,851968,117,-56,-1,-1,0
1523611425339,851968,117,-56,-1,-1,0
1523611425380,851968,117,-56,-1,-1,0
1523611425380,786432,117,-56,-1,-1,0
1523611425380,589824,117,-56,-1,-1,0
1523611425380,393216,117,-56,-1,-1,0
1523611425380,196608,117,-56,-1,-1,0
1523611425419,196608,117,-56,-1,-1,0
1523611425419,262144,117,-56,-1,-1,0
1523611425419,196608,117,-56,-1,-1,0
1523611425419,-65536,117,-56,-1,-1,0
1523611425419,-524288,117,-56,-1,-1,0
1523611425459,-851968,117,-56,-1,-1,0
1523611425459,-1114112,117,-56,-1,-1,0
1523611425459,-1179648,117,-56,-1,-1,0
1523611425459,-1048576,117,-56,-1,-1,0
1523611425459,-786432,117,-56,-1,-1,0
1523611425499,-589824,117,-56,-1,-1,0
1523611425499,-327680,117,-56,-1,-1,0
1523611425499,0,117,-56,-1,-1,0
1523611425499,327680,117,-56,-1,-1,0
1523611425499,524288,117,-56,-1,-1,0
1523611425539,524288,117,-56,-1,-1,0
1523611425539,458752,117,-56,-1,-1,0
1523611425539,196608,117,-56,-1,-1,0
1523611425539,0,117,-56,-1,-1,0
1523611425539,65536,117,-56,-1,-1,0
1523611425579,589824,117,-56,-1,-1,0
1523611425579,1245184,117,-56,-1,-1,0
1523611425579,1376256,117,-56,-1,-1,0
1523611425579,1179648,117,-56,-1,-1,0
1523611425579,851968,117,-56,-1,-1,0
1523611425619,589824,117,-56,-1,-1,0
1523611425619,393216,117,-56,-1,-1,0
1523611425619,262144,117,-56,-1,-1,0
1523611425619,327680,117,-56,-1,-1,0
1523611425619,524288,117,-56,-1,-1,0
1523611425659,655360,117,-56,-1,-1,0
1523611425659,786432,117,-56,-1,-1,0
1523611425659,1507328,117,-56,-1,-1,0
1523611425659,3866624,117,-56,-1,-1,0
1523611425659,8781824,117,-56,-1,-1,0
1523611425699,13172736,117,-56,-1,-1,0
1523611425699,10944512,117,-56,-1,-1,0
1523611425699,3932160,117,-56,-1,-1,0
1523611425699,-524288,117,-56,-1,-1,0
1523611425699,-786432,117,-56,-1,-1,0
1523611425739,-458752,117,-56,-1,-1,0
1523611425739,-327680,117,-56,-1,-1,0
1523611425739,-65536,117,-56,-1,-1,0
1523611425739,-131072,117,-56,-1,-1,0
1523611425739,-262144,117,-56,-1,-1,0
1523611425779,-393216,117,-56,-1,-1,0
1523611425779,-393216,117,-56,-1,-1,0
1523611425779,-327680,117,-56,-1,-1,0
1523611425779,-327680,117,-56,-1,-1,0
1523611425779,-262144,117,-56,-1,-1,0
1523611425819,-65536,117,-56,-1,-1,0
1523611425819,0,117,-56,-1,-1,0
1523611425819,-131072,117,-56,-1,-1,0
1523611425819,-196608,117,-56,-1,-1,0
1523611425819,-131072,117,-56,-1,-1,0
1523611425859,131072,117,-56,-1,-1,0
1523611425859,327680,117,-56,-1,-1,0
1523611425859,327680,117,-56,-1,-1,0
1523611425859,131072,117,-56,-1,-1,0
1523611425859,0,117,-56,-1,-1,0
1523611425900,-131072,117,-56,-1,-1,0
1523611425900,0,117,-56,-1,-1,0
1523611425900,131072,117,-56,-1,-1,0
1523611425900,0,117,-56,-1,-1,0
1523611425900,-458752,117,-56,-1,-1,0
1523611425939,-589824,117,-56,-1,-1,0
1523611425939,-327680,117,-56,-1,-1,0
1523611425939,-524288,117,-56,-1,-1,0
1523611425939,-1245184,117,-56,-1,-1,0
1523611425939,-1441792,117,-56,-1,-1,0
1523611425980,-1310720,117,-56,-1,-1,0
1523611425980,-1245184,117,-56,-1,-1,0
1523611425980,-1703936,117,-56,-1,-1,0
1523611425980,-1507328,117,-56,-1,-1,0
1523611425980,-1638400,117,-56,-1,-1,0
1523611426019,-1703936,117,-56,-1,-1,0
1523611426019,-1835008,117,-56,-1,-1,0
1523611426019,-2424832,117,-56,-1,-1,0
1523611426019,-2621440,117,-56,-1,-1,0
1523611426019,-1900544,117,-56,-1,-1,0
1523611426059,-1572864,117,-56,-1,-1,0
1523611426059,-1966080,117,-56,-1,-1,0
1523611426059,-2097152,117,-56,-1,-1,0
1523611426059,-1900544,117,-56,-1,-1,0
1523611426059,-1900544,117,-56,-1,-1,0
1523611426099,-1703936,117,-56,-1,-1,0
1523611426099,-1638400,117,-56,-1,-1,0
1523611426099,-2031616,117,-56,-1,-1,0
1523611426099,-2228224,117,-56,-1,-1,0
1523611426099,-2097152,117,-56,-1,-1,0
1523611426139,-2031616,117,-56,-1,-1,0
1523611426139,-2031616,117,-56,-1,-1,0
1523611426139,-2162688,117,-56,-1,-1,0
1523611426139,-1835008,117,-56,-1,-1,0
1523611426139,-1507328,117,-56,-1,-1,0
1523611426179,-1048576,117,-56,-1,-1,0
1523611426179,524288,117,-56,-1,-1,0
1523611426179,4849664,117,-56,-1,-1,0
1523611426179,8126464,117,-56,-1,-1,0
1523611426179,6225920,117,-56,-1,-1,0
1523611426219,720896,117,-56,-1,-1,0
1523611426219,-2031616,117,-56,-1,-1,0
1523611426219,-1966080,117,-56,-1,-1,0
1523611426219,-1900544,117,-56,-1,-1,0
1523611426219,-2359296,117,-56,-1,-1,0
1523611426259,-2162688,117,-56,-1,-1,0
1523611426259,-1769472,117,-56,-1,-1,0
1523611426259,-1835008,117,-56,-1,-1,0
1523611426259,-1966080,117,-56,-1,-1,0
1523611426259,-1769472,117,-56,-1,-1,0
1523611426299,-1703936,117,-56,-1,-1,0
1523611426299,-1769472,117,-56,-1,-1,0
1523611426299,-1441792,117,-56,-1,-1,0
1523611426299,-851968,117,-56,-1,-1,0
1523611426299,-851968,117,-56,-1,-1,0
1523611426339,-851968,117,-56,-1,-1,0
1523611426339,-458752,117,-56,-1,-1,0
1523611426339,0,117,-56,-1,-1,0
1523611426339,131072,117,-56,-1,-1,0
1523611426339,524288,117,-56,-1,-1,0
1523611426379,524288,117,-56,-1,-1,0
1523611426379,65536,117,-56,-1,-1,0
1523611426379,327680,117,-56,-1,-1,0
1523611426379,393216,117,-56,-1,-1,0
1523611426379,-131072,117,-56,-1,-1,0
1523611426419,-458752,117,-56,-1,-1,0
1523611426419,196608,117,-56,-1,-1,0
1523611426419,131072,117,-56,-1,-1,0
1523611426419,-458752,117,-56,-1,-1,0
1523611426419,-720896,117,-56,-1,-1,0
1523611426459,-786432,118,-56,-1,-1,0
1523611426459,-786432,118,-56,-1,-1,0
1523611426459,-655360,118,-56,-1,-1,0
1523611426459,-655360,118,-56,-1,-1,0
1523611426459,-1114112,118,-56,-1,-1,0
1523611426499,-1245184,118,-56,-1,-1,0
1523611426499,-1245184,118,-56,-1,-1,0
1523611426499,-1114112,118,-56,-1,-1,0
1523611426499,-1507328,118,-56,-1,-1,0
1523611426499,-1376256,118,-56,-1,-1,0
1523611426540,-983040,118,-56,-1,-1,0
1523611426540,-524288,118,-56,-1,-1,0
1523611426540,-393216,118,-56,-1,-1,0
1523611426540,-1376256,118,-56,-1,-1,0
1523611426540,-1769472,118,-56,-1,-1,0
1523611426579,-1507328,118,-56,-1,-1,0
1523611426579,-1114112,118,-56,-1,-1,0
1523611426579,-1310720,118,-56,-1,-1,0
1523611426579,-1179648,118,-56,-1,-1,0
1523611426579,-1245184,118,-56,-1,-1,0
1523611426619,-1441792,118,-56,-1,-1,0
1523611426619,-1245184,118,-56,-1,-1,0
1523611426619,-1114112,118,-56,-1,-1,0
1523611426619,-1048576,118,-56,-1,-1,0
1523611426619,-1114112,118,-56,-1,-1,0
1523611426659,-1245184,118,-56,-1,-1,0
1523611426659,-1245184,118,-56,-1,-1,0
1523611426659,-917504,118,-56,-1,-1,0
1523611426659,327680,118,-56,-1,-1,0
1523611426659,4259840,118,-56,-1,-1,0
1523611426699,9568256,118,-56,-1,-1,0
1523611426699,10485760,118,-56,-1,-1,0
1523611426699,5177344,118,-56,-1,-1,0
1523611426699,-589824,118,-56,-1,-1,0
1523611426699,-1900544,118,-56,-1,-1,0
1523611426740,-1245184,118,-56,-1,-1,0
1523611426740,-1179648,118,-56,-1,-1,0
1523611426740,-1114112,118,-56,-1,-1,0
1523611426740,-1048576,118,-56,-1,-1,0
1523611426740,-589824,118,-56,-1,-1,0
1523611426779,-655360,118,-56,-1,-1,0
1523611426779,-786432,118,-56,-1,-1,0
1523611426779,-1179648,118,-56,-1,-1,0
1523611426779,-1114112,118,-56,-1,-1,0
1523611426779,-1048576,118,-56,-1,-1,0
1523611426819,-983040,118,-56,-1,-1,0
1523611426819,-851968,118,-56,-1,-1,0
1523611426819,-851968,118,-56,-1,-1,0
1523611426819,-786432,118,-56,-1,-1,0
1523611426819,-655360,118,-56,-1,-1,0
1523611426859,-589824,118,-56,-1,-1,0
1523611426859,-524288,118,-56,-1,-1,0
1523611426859,-196608,118,-56,-1,-1,0
1523611426859,0,118,-56,-1,-1,0
1523611426859,0,118,-56,-1,-1,0
1523611426899,-196608,118,-56,-1,-1,0
1523611426899,-262144,118,-56,-1,-1,0
1523611426899,-262144,118,-56,-1,-1,0
1523611426899,-262144,118,-56,-1,-1,0
1523611426899,-196608,118,-56,-1,-1,0
1523611426939,-196608,118,-56,-1,-1,0
1523611426939,-327680,118,-56,-1,-1,0
1523611426939,-458752,118,-56,-1,-1,0
1523611426939,-458752,118,-56,-1,-1,0
1523611426939,-458752,118,-56,-1,-1,0
1523611426979,-262144,118,-56,-1,-1,0
1523611426979,-131072,118,-56,-1,-1,0
1523611426979,-65536,118,-56,-1,-1,0
1523611426979,-65536,118,-56,-1,-1,0
1523611426979,0,118,-56,-1,-1,0
1523611427019,0,118,-56,-1,-1,0
1523611427019,65536,118,-56,-1,-1,0
1523611427019,327680,118,-56,-1,-1,0
1523611427019,589824,118,-56,-1,-1,0
1523611427019,720896,118,-56,-1,-1,0
1523611427059,720896,118,-56,-1,-1,0
1523611427059,786432,118,-56,-1,-1,0
1523611427059,786432,118,-56,-1,-1,0
1523611427059,655360,118,-56,-1,-1,0
1523611427059,393216,118,-56,-1,-1,0
1523611427099,0,118,-56,-1,-1,0
1523611427099,-393216,118,-56,-1,-1,0
1523611427099,-655360,118,-56,-1,-1,0
1523611427099,-589824,118,-56,-1,-1,0
1523611427099,-458752,118,-56,-1,-1,0
1523611427139,-458752,118,-56,-1,-1,0
1523611427139,-851968,118,-56,-1,-1,0
1523611427139,-1048576,118,-56,-1,-1,0
1523611427139,-589824,118,-56,-1,-1,0
1523611427139,131072,118,-56,-1,-1,0
1523611427180,1310720,118,-56,-1,-1,0
1523611427180,3866624,118,-56,-1,-1,0
1523611427180,8716288,118,-56,-1,-1,0
1523611427180,12320768,118,-56,-1,-1,0
1523611427180,9764864,118,-56,-1,-1,0
1523611427219,3473408,118,-56,-1,-1,0
1523611427219,-196608,118,-56,-1,-1,0
1523611427219,-196608,118,-56,-1,-1,0
1523611427219,65536,118,-56,-1,-1,0
1523611427219,65536,118,-56,-1,-1,0
1523611427259,0,118,-56,-1,-1,0
1523611427259,-131072,118,-56,-1,-1,0
1523611427259,-262144,118,-56,-1,-1,0
1523611427259,0,118,-56,-1,-1,0
1523611427259,262144,118,-56,-1,-1,0
1523611427299,327680,118,-56,-1,-1,0
1523611427299,131072,118,-56,-1,-1,0
1523611427299,0,118,-56,-1,-1,0
1523611427299,131072,118,-56,-1,-1,0
1523611427299,458752,118,-56,-1,-1,0
1523611427339,720896,118,-56,-1,-1,0
1523611427339,720896,118,-56,-1,-1,0
1523611427339,720896,118,-56,-1,-1,0
1523611427339,786432,118,-56,-1,-1,0
1523611427339,851968,118,-56,-1,-1,0
1523611427379,655360,118,-56,-1,-1,0
1523611427379,458752,118,-56,-1,-1,0
1523611427379,458752,118,-56,-1,-1,0
1523611427379,393216,118,-56,-1,-1,0
1523611427379,327680,118,-56,-1,-1,0
1523611427419,458752,118,-56,-1,-1,0
1523611427419,327680,118,-56,-1,-1,0
1523611427419,196608,118,-56,-1,-1,0
1523611427419,0,118,-56,-1,-1,0
1523611427419,-196608,118,-56,-1,-1,0
1523611427459,-131072,118,-56,-1,-1,0
1523611427459,-196608,118,-56,-1,-1,0
1523611427459,-786432,118,-56,-1,-1,0
1523611427459,-1376256,118,-56,-1,-1,0
1523611427459,-1245184,118,-56,-1,-1,0
1523611427499,-1179648,118,-56,-1,-1,0
1523611427499,-1179648,118,-56,-1,-1,0
1523611427499,-1114112,118,-56,-1,-1,0
1523611427499,-1048576,118,-56,-1,-1,0
1523611427499,-1703936,118,-56,-1,-1,0
1523611427539,-1769472,118,-56,-1,-1,0
1523611427539,-983040,118,-56,-1,-1,0
1523611427539,-786432,118,-56,-1,-1,0
1523611427539,-1310720,118,-56,-1,-1,0
1523611427539,-1376256,118,-56,-1,-1,0
1523611427579,-1114112,118,-56,-1,-1,0
1523611427579,-983040,118,-56,-1,-1,0
1523611427579,-1048576,118,-56,-1,-1,0
1523611427579,-1048576,118,-56,-1,-1,0
1523611427579,-1245184,118,-56,-1,-1,0
1523611427620,-1310720,118,-56,-1,-1,0
1523611427620,-917504,118,-56,-1,-1,0
1523611427620,-851968,118,-56,-1,-1,0
1523611427620,-851968,118,-56,-1,-1,0
1523611427620,-720896,118,-56,-1,-1,0
1523611427663,-720896,118,-56,-1,-1,0
1523611427663,-983040,118,-56,-1,-1,0
1523611427663,-1245184,118,-56,-1,-1,0
1523611427663,0,118,-56,-1,-1,0
1523611427663,3538944,118,-56,-1,-1,0
1523611427700,8060928,118,-56,-1,-1,0
1523611427700,8716288,118,-56,-1,-1,0
1523611427700,4456448,118,-56,-1,-1,0
1523611427700,-720896,118,-56,-1,-1,0
1523611427700,-2162688,118,-56,-1,-1,0
1523611427739,-1572864,118,-56,-1,-1,0
1523611427739,-720896,118,-56,-1,-1,0
1523611427739,-720896,118,-56,-1,-1,0
1523611427739,-1114112,118,-56,-1,-1,0
1523611427739,-1441792,118,-56,-1,-1,0
1523611427779,-983040,118,-56,-1,-1,0
1523611427779,-524288,118,-56,-1,-1,0
1523611427779,0,118,-56,-1,-1,0
1523611427779,-196608,118,-56,-1,-1,0
1523611427779,-393216,118,-56,-1,-1,0
1523611427820,-131072,118,-56,-1,-1,0
1523611427820,524288,118,-56,-1,-1,0
1523611427820,655360,118,-56,-1,-1,0
1523611427820,524288,118,-56,-1,-1,0
1523611427820,262144,118,-56,-1,-1,0
1523611427859,458752,118,-56,-1,-1,0
1523611427859,458752,118,-56,-1,-1,0
1523611427859,1114112,118,-56,-1,-1,0
1523611427859,1900544,118,-56,-1,-1,0
1523611427859,1900544,118,-56,-1,-1,0
1523611427899,589824,118,-56,-1,-1,0
1523611427899,0,118,-56,-1,-1,0
1523611427899,262144,118,-56,-1,-1,0
1523611427899,655360,118,-56,-1,-1,0
1523611427899,458752,118,-56,-1,-1,0
1523611427939,655360,118,-56,-1,-1,0
1523611427939,655360,118,-56,-1,-1,0
1523611427939,589824,118,-56,-1,-1,0
1523611427939,393216,118,-56,-1,-1,0
1523611427939,-131072,118,-56,-1,-1,0
1523611427979,-458752,118,-56,-1,-1,0
1523611427979,-589824,118,-56,-1,-1,0
1523611427979,-458752,118,-56,-1,-1,0
1523611427979,-262144,118,-56,-1,-1,0
1523611427979,-131072,118,-56,-1,-1,0
1523611428019,-262144,118,-56,-1,-1,0
1523611428019,-393216,118,-56,-1,-1,0
1523611428019,-589824,118,-56,-1,-1,0
1523611428019,-655360,118,-56,-1,-1,0
1523611428019,-851968,118,-56,-1,-1,0
1523611428059,-983040,118,-56,-1,-1,0
1523611428059,-720896,118,-56,-1,-1,0
1523611428059,-327680,118,-56,-1,-1,0
1523611428059,-524288,118,-56,-1,-1,0
1523611428059,-983040,118,-56,-1,-1,0
1523611428099,-720896,118,-56,-1,-1,0
1523611428099,-196608,118,-56,-1,-1,0
1523611428099,-655360,118,-56,-1,-1,0
1523611428099,-851968,118,-56,-1,-1,0
1523611428099,-524288,118,-56,-1,-1,0
1523611428139,-262144,118,-56,-1,-1,0
1523611428139,-327680,118,-56,-1,-1,0
1523611428139,-655360,118,-56,-1,-1,0
1523611428139,-393216,118,-56,-1,-1,0
1523611428139,-131072,118,-56,-1,-1,0
1523611428179,524288,118,-56,-1,-1,0
1523611428179,3538944,118,-56,-1,-1,0
1523611428179,8912896,118,-56,-1,-1,0
1523611428179,12058624,118,-56,-1,-1,0
1523611428179,8126464,118,-56,-1,-1,0
1523611428219,1769472,118,-56,-1,-1,0
1523611428219,-720896,118,-56,-1,-1,0
1523611428219,-262144,118,-56,-1,-1,0
1523611428219,-327680,118,-56,-1,-1,0
1523611428219,-458752,118,-56,-1,-1,0
1523611428259,-589824,118,-56,-1,-1,0
1523611428259,-655360,118,-56,-1,-1,0
1523611428259,-786432,118,-56,-1,-1,0
1523611428259,-917504,118,-56,-1,-1,0
1523611428259,-851968,118,-56,-1,-1,0
1523611428301,-589824,118,-56,-1,-1,0
1523611428301,-589824,118,-56,-1,-1,0
1523611428301,-655360,118,-56,-1,-1,0
1523611428301,-851968,118,-56,-1,-1,0
1523611428301,-851968,118,-56,-1,-1,0
1523611428339,-786432,118,-56,-1,-1,0
1523611428339,-720896,118,-56,-1,-1,0
1523611428339,-589824,118,-56,-1,-1,0
1523611428339,-524288,118,-56,-1,-1,0
1523611428339,-393216,118,-56,-1,-1,0
1523611428379,-327680,118,-56,-1,-1,0
1523611428379,-327680,118,-56,-1,-1,0
1523611428379,-393216,118,-56,-1,-1,0
1523611428379,-524288,118,-56,-1,-1,0
1523611428379,-589824,118,-56,-1,-1,0
1523611428419,-524288,118,-56,-1,-1,0
1523611428419,-458752,118,-56,-1,-1,0
1523611428419,-524288,118,-56,-1,-1,0
1523611428419,-655360,118,-56,-1,-1,0
1523611428419,-720896,118,-56,-1,-1,0
1523611428460,-786432,118,-56,-1,-1,0
1523611428460,-720896,118,-56,-1,-1,0
1523611428460,-458752,118,-56,-1,-1,0
1523611428460,-327680,118,-56,-1,-1,0
1523611428460,-196608,118,-56,-1,-1,0
1523611428499,0,118,-56,-1,-1,0
1523611428499,393216,118,-56,-1,-1,0
1523611428499,655360,118,-56,-1,-1,0
1523611428499,917504,118,-56,-1,-1,0
1523611428499,1245184,118,-56,-1,-1,0
1523611428539,1703936,118,-56,-1,-1,0
1523611428539,1900544,118,-56,-1,-1,0
1523611428539,2097152,118,-56,-1,-1,0
1523611428539,2162688,118,-56,-1,-1,0
1523611428539,2162688,118,-56,-1,-1,0
1523611428579,1835008,118,-56,-1,-1,0
1523611428579,1376256,118,-56,-1,-1,0
1523611428579,983040,118,-56,-1,-1,0
1523611428579,720896,118,-56,-1,-1,0
1523611428579,589824,118,-56,-1,-1,0
1523611428619,393216,118,-56,-1,-1,0
1523611428619,393216,118,-56,-1,-1,0
1523611428619,655360,118,-56,-1,-1,0
1523611428619,655360,118,-56,-1,-1,0
1523611428619,458752,118,-56,-1,-1,0
1523611428659,524288,118,-56,-1,-1,0
1523611428659,1507328,118,-56,-1,-1,0
1523611428659,4390912,118,-56,-1,-1,0
1523611428659,9568256,118,-56,-1,-1,0
1523611428659,13500416,118,-56,-1,-1,0
1523611428699,10616832,118,-56,-1,-1,0
1523611428699,3670016,118,-56,-1,-1,0
1523611428699,-262144,118,-56,-1,-1,0
1523611428699,-327680,118,-56,-1,-1,0
1523611428699,0,118,-56,-1,-1,0
1523611428739,0,118,-56,-1,-1,0
1523611428739,0,118,-56,-1,-1,0
1523611428739,0,118,-56,-1,-1,0
1523611428739,65536,118,-56,-1,-1,0
1523611428739,-196608,118,-56,-1,-1,0
1523611428779,-393216,118,-56,-1,-1,0
1523611428779,-196608,118,-56,-1,-1,0
1523611428779,0,118,-56,-1,-1,0
1523611428779,0,118,-56,-1,-1,0
1523611428779,131072,118,-56,-1,-1,0
1523611428819,589824,118,-56,-1,-1,0
1523611428819,917504,118,-56,-1,-1,0
1523611428819,851968,118,-56,-1,-1,0
1523611428819,1114112,118,-56,-1,-1,0
1523611428819,1638400,118,-56,-1,-1,0
1523611428859,1769472,118,-56,-1,-1,0
1523611428859,1572864,118,-56,-1,-1,0
1523611428859,1376256,118,-56,-1,-1,0
1523611428859,1179648,118,-56,-1,-1,0
1523611428859,1114112,118,-56,-1,-1,0
1523611428899,851968,118,-56,-1,-1,0
1523611428899,655360,118,-56,-1,-1,0
1523611428899,589824,118,-56,-1,-1,0
1523611428899,589824,118,-56,-1,-1,0
1523611428899,196608,118,-56,-1,-1,0
1523611428939,-196608,119,-56,-1,-1,0
1523611428939,-720896,119,-56,-1,-1,0
1523611428939,-1966080,119,-56,-1,-1,0
1523611428939,-2686976,119,-56,-1,-1,0
1523611428939,-1900544,119,-56,-1,-1,0
1523611428979,-1638400,119,-56,-1,-1,0
1523611428979,-2621440,119,-56,-1,-1,0
1523611428979,-2555904,119,-56,-1,-1,0
1523611428979,-1703936,119,-56,-1,-1,0
1523611428979,-1310720,119,-56,-1,-1,0
1523611429019,-983040,119,-56,-1,-1,0
1523611429019,-1245184,119,-56,-1,-1,0
1523611429019,-1638400,119,-56,-1,-1,0
1523611429019,-1441792,119,-56,-1,-1,0
1523611429019,-917504,119,-56,-1,-1,0
1523611429059,-851968,119,-56,-1,-1,0
1523611429059,-1245184,119,-56,-1,-1,0
1523611429059,-1441792,119,-56,-1,-1,0
1523611429059,-983040,119,-56,-1,-1,0
1523611429059,-917504,119,-56,-1,-1,0
1523611429100,-1703936,119,-56,-1,-1,0
1523611429100,-2424832,119,-56,-1,-1,0
1523611429100,-2097152,119,-56,-1,-1,0
1523611429100,-1835008,119,-56,-1,-1,0
1523611429100,-1638400,119,-56,-1,-1,0
1523611429139,-1703936,119,-56,-1,-1,0
1523611429139,-1310720,119,-56,-1,-1,0
1523611429139,-65536,119,-56,-1,-1,0
1523611429139,2555904,119,-56,-1,-1,0
1523611429139,6684672,119,-56,-1,-1,0
1523611429179,8519680,119,-56,-1,-1,0
1523611429179,4849664,119,-56,-1,-1,0
1523611429179,-393216,119,-56,-1,-1,0
1523611429179,-2359296,119,-56,-1,-1,0
1523611429179,-2097152,119,-56,-1,-1,0
1523611429219,-1703936,119,-56,-1,-1,0
1523611429219,-2097152,119,-56,-1,-1,0
1523611429219,-2424832,119,-56,-1,-1,0
1523611429219,-2490368,119,-56,-1,-1,0
1523611429219,-2359296,119,-56,-1,-1,0
1523611429259,-2031616,119,-56,-1,-1,0
1523611429259,-1769472,119,-56,-1,-1,0
1523611429259,-1441792,119,-56,-1,-1,0
1523611429259,-1245184,119,-56,-1,-1,0
1523611429259,-1048576,119,-56,-1,-1,0
1523611429299,-1441792,119,-56,-1,-1,0
1523611429299,-1245184,119,-56,-1,-1,0
1523611429299,-786432,119,-56,-1,-1,0
1523611429299,-327680,119,-56,-1,-1,0
1523611429299,-131072,119,-56,-1,-1,0
1523611429339,-458752,119,-56,-1,-1,0
1523611429339,-851968,119,-56,-1,-1,0
1523611429339,-786432,119,-56,-1,-1,0
1523611429339,-851968,119,-56,-1,-1,0
1523611429339,-1048576,119,-56,-1,-1,0
1523611429379,-786432,119,-56,-1,-1,0
1523611429379,-1048576,119,-56,-1,-1,0
1523611429379,-1245184,119,-56,-1,-1,0
1523611429379,-1245184,119,-56,-1,-1,0
1523611429379,-1507328,119,-56,-1,-1,0
1523611429419,-2097152,119,-56,-1,-1,0
1523611429419,-2228224,119,-56,-1,-1,0
1523611429419,-2031616,119,-56,-1,-1,0
1523611429419,-1900544,119,-56,-1,-1,0
1523611429419,-2359296,119,-56,-1,-1,0
1523611429459,-2818048,119,-56,-1,-1,0
1523611429459,-2490368,119,-56,-1,-1,0
1523611429459,-1966080,119,-56,-1,-1,0
1523611429459,-2359296,119,-56,-1,-1,0
1523611429459,-2686976,119,-56,-1,-1,0
1523611429500,-2621440,119,-56,-1,-1,0
1523611429500,-2621440,119,-56,-1,-1,0
1523611429500,-2686976,119,-56,-1,-1,0
1523611429500,-2359296,119,-56,-1,-1,0
1523611429500,-2097152,119,-56,-1,-1,0
1523611429539,-1966080,119,-56,-1,-1,0
1523611429539,-1966080,119,-56,-1,-1,0
1523611429539,-2162688,119,-56,-1,-1,0
1523611429539,-2228224,119,-56,-1,-1,0
1523611429539,-2359296,119,-56,-1,-1,0
1523611429579,-2293760,119,-56,-1,-1,0
1523611429579,-2424832,119,-56,-1,-1,0
1523611429579,-2686976,119,-56,-1,-1,0
1523611429579,-2293760,119,-56,-1,-1,0
1523611429579,-1900544,119,-56,-1,-1,0
1523611429619,-2031616,119,-56,-1,-1,0
1523611429619,-2555904,119,-56,-1,-1,0
1523611429619,-2752512,119,-56,-1,-1,0
1523611429619,-2031616,119,-56,-1,-1,0
1523611429619,131072,119,-56,-1,-1,0
1523611429659,4194304,119,-56,-1,-1,0
1523611429659,9175040,119,-56,-1,-1,0
1523611429659,10027008,119,-56,-1,-1,0
1523611429659,4653056,119,-56,-1,-1,0
1523611429659,-851968,119,-56,-1,-1,0
1523611429699,-2228224,119,-56,-1,-1,0
1523611429699,-1703936,119,-56,-1,-1,0
1523611429699,-1572864,119,-56,-1,-1,0
1523611429699,-1310720,119,-56,-1,-1,0
1523611429699,-917504,119,-56,-1,-1,0
1523611429740,-720896,119,-56,-1,-1,0
1523611429740,-720896,119,-56,-1,-1,0
1523611429740,-720896,119,-56,-1,-1,0
1523611429740,-786432,119,-56,-1,-1,0
1523611429740,-983040,119,-56,-1,-1,0
1523611429779,-1048576,119,-56,-1,-1,0
1523611429779,-917504,119,-56,-1,-1,0
1523611429779,-655360,119,-56,-1,-1,0
1523611429779,-524288,119,-56,-1,-1,0
1523611429779,-458752,119,-56,-1,-1,0
1523611429820,-458752,119,-56,-1,-1,0
1523611429820,-262144,119,-56,-1,-1,0
1523611429820,-196608,119,-56,-1,-1,0
1523611429820,-65536,119,-56,-1,-1,0
1523611429820,-131072,119,-56,-1,-1,0
1523611429859,-196608,119,-56,-1,-1,0
1523611429859,-393216,119,-56,-1,-1,0
1523611429859,-524288,119,-56,-1,-1,0
1523611429859,-655360,119,-56,-1,-1,0
1523611429859,-589824,119,-56,-1,-1,0
1523611429899,-589824,119,-56,-1,-1,0
1523611429899,-524288,119,-56,-1,-1,0
1523611429899,-655360,119,-56,-1,-1,0
1523611429899,-786432,119,-56,-1,-1,0
1523611429899,-851968,119,-56,-1,-1,0
1523611429939,-851968,119,-56,-1,-1,0
1523611429939,-720896,119,-56,-1,-1,0
1523611429939,-589824,119,-56,-1,-1,0
1523611429939,-524288,119,-56,-1,-1,0
1523611429939,-327680,119,-56,-1,-1,0
1523611429979,-196608,119,-56,-1,-1,0
1523611429979,-131072,119,-56,-1,-1,0
1523611429979,-196608,119,-56,-1,-1,0
1523611429979,-131072,119,-56,-1,-1,0
1523611429979,0,119,-56,-1,-1,0
1523611430019,196608,119,-56,-1,-1,0
1523611430019,196608,119,-56,-1,-1,0
1523611430019,65536,119,-56,-1,-1,0
1523611430019,327680,119,-56,-1,-1,0
1523611430019,524288,119,-56,-1,-1,0
1523611430059,655360,119,-56,-1,-1,0
1523611430059,786432,119,-56,-1,-1,0
1523611430059,786432,119,-56,-1,-1,0
1523611430059,524288,119,-56,-1,-1,0
1523611430059,393216,119,-56,-1,-1,0
1523611430099,458752,119,-56,-1,-1,0
1523611430099,786432,119,-56,-1,-1,0
1523611430099,1179648,119,-56,-1,-1,0
1523611430099,1507328,119,-56,-1,-1,0
1523611430099,1900544,119,-56,-1,-1,0
1523611430139,3080192,119,-56,-1,-1,0
1523611430139,6225920,119,-56,-1,-1,0
1523611430139,11272192,119,-56,-1,-1,0
1523611430139,13238272,119,-56,-1,-1,0
1523611430139,8519680,119,-56,-1,-1,0
1523611430179,2162688,119,-56,-1,-1,0
1523611430179,0,119,-56,-1,-1,0
1523611430179,196608,119,-56,-1,-1,0
1523611430179,196608,119,-56,-1,-1,0
1523611430179,131072,119,-56,-1,-1,0
1523611430219,65536,119,-56,-1,-1,0
1523611430219,65536,119,-56,-1,-1,0
1523611430219,65536,119,-56,-1,-1,0
1523611430219,0,119,-56,-1,-1,0
1523611430219,65536,119,-56,-1,-1,0
1523611430259,65536,119,-56,-1,-1,0
1523611430259,262144,119,-56,-1,-1,0
1523611430259,524288,119,-56,-1,-1,0
1523611430259,655360,119,-56,-1,-1,0
1523611430259,589824,119,-56,-1,-1,0
1523611430299,458752,119,-56,-1,-1,0
1523611430299,393216,119,-56,-1,-1,0
1523611430299,720896,119,-56,-1,-1,0
1523611430299,1048576,119,-56,-1,-1,0
1523611430299,917504,119,-56,-1,-1,0
1523611430340,524288,119,-56,-1,-1,0
1523611430340,327680,119,-56,-1,-1,0
1523611430340,262144,119,-56,-1,-1,0
1523611430340,-65536,119,-56,-1,-1,0
1523611430340,-524288,119,-56,-1,-1,0
1523611430383,-589824,119,-56,-1,-1,0
1523611430383,-720896,119,-56,-1,-1,0
1523611430383,-720896,119,-56,-1,-1,0
1523611430383,-786432,119,-56,-1,-1,0
1523611430383,-589824,119,-56,-1,-1,0
1523611430419,-655360,120,-56,-1,-1,0
1523611430419,-983040,120,-56,-1,-1,0
1523611430419,-1114112,120,-56,-1,-1,0
1523611430419,-1048576,120,-56,-1,-1,0
1523611430419,-1507328,120,-56,-1,-1,0
1523611430459,-1835008,120,-56,-1,-1,0
1523611430459,-1966080,120,-56,-1,-1,0
1523611430459,-1572864,120,-56,-1,-1,0
1523611430459,-1441792,120,-56,-1,-1,0
1523611430459,-1507328,120,-56,-1,-1,0
1523611430499,-1441792,120,-56,-1,-1,0
1523611430499,-1900544,120,-56,-1,-1,0
1523611430499,-2359296,120,-56,-1,-1,0
1523611430499,-2031616,120,-56,-1,-1,0
1523611430499,-1245184,120,-56,-1,-1,0
1523611430539,-1310720,120,-56,-1,-1,0
1523611430539,-1703936,120,-56,-1,-1,0
1523611430539,-1769472,120,-56,-1,-1,0
1523611430539,-1572864,120,-56,-1,-1,0
1523611430539,-1507328,120,-56,-1,-1,0
1523611430579,-1179648,120,-56,-1,-1,0
1523611430579,-720896,120,-56,-1,-1,0
1523611430579,-524288,120,-56,-1,-1,0
1523611430579,-1114112,120,-56,-1,-1,0
1523611430579,-1507328,120,-56,-1,-1,0
1523611430619,-917504,120,-56,-1,-1,0
1523611430619,393216,120,-56,-1,-1,0
1523611430619,3473408,120,-56,-1,-1,0
1523611430619,7274496,120,-56,-1,-1,0
1523611430619,7667712,120,-56,-1,-1,0
1523611430659,2621440,120,-56,-1,-1,0
1523611430659,-2031616,120,-56,-1,-1,0
1523611430659,-2883584,120,-56,-1,-1,0
1523611430659,-2228224,120,-56,-1,-1,0
1523611430659,-1703936,120,-56,-1,-1,0
1523611430699,-1507328,120,-56,-1,-1,0
1523611430699,-1114112,120,-56,-1,-1,0
1523611430699,-983040,120,-56,-1,-1,0
1523611430699,-458752,120,-56,-1,-1,0
1523611430699,-786432,120,-56,-1,-1,0
1523611430739,-1114112,120,-56,-1,-1,0
1523611430739,-1048576,120,-56,-1,-1,0
1523611430739,-327680,120,-56,-1,-1,0
1523611430739,-65536,120,-56,-1,-1,0
1523611430739,327680,120,-56,-1,-1,0
1523611430779,327680,120,-56,-1,-1,0
1523611430779,-65536,120,-56,-1,-1,0
1523611430779,65536,120,-56,-1,-1,0
1523611430779,524288,120,-56,-1,-1,0
1523611430779,589824,120,-56,-1,-1,0
1523611430819,393216,120,-56,-1,-1,0
1523611430819,786432,120,-56,-1,-1,0
1523611430819,589824,120,-56,-1,-1,0
1523611430819,262144,120,-56,-1,-1,0
1523611430819,720896,120,-56,-1,-1,0
1523611430859,786432,120,-56,-1,-1,0
1523611430859,655360,120,-56,-1,-1,0
1523611430859,589824,120,-56,-1,-1,0
1523611430859,917504,120,-56,-1,-1,0
1523611430859,262144,120,-56,-1,-1,0
1523611430899,-327680,120,-56,-1,-1,0
1523611430899,-917504,120,-56,-1,-1,0
1523611430899,-327680,120,-56,-1,-1,0
1523611430899,0,120,-56,-1,-1,0
1523611430899,-393216,120,-56,-1,-1,0
1523611430939,-1310720,120,-56,-1,-1,0
1523611430939,-1245184,120,-56,-1,-1,0
1523611430939,-983040,120,-56,-1,-1,0
1523611430939,-786432,120,-56,-1,-1,0
1523611430939,-589824,120,-56,-1,-1,0
1523611430979,-196608,120,-56,-1,-1,0
1523611430979,-327680,120,-56,-1,-1,0
1523611430979,-458752,120,-56,-1,-1,0
1523611430979,-327680,120,-56,-1,-1,0
1523611430979,458752,120,-56,-1,-1,0
1523611431020,262144,120,-56,-1,-1,0
1523611431020,-262144,120,-56,-1,-1,0
1523611431020,-851968,120,-56,-1,-1,0
1523611431020,-917504,120,-56,-1,-1,0
1523611431020,-720896,120,-56,-1,-1,0
1523611431059,-458752,120,-56,-1,-1,0
1523611431059,-917504,120,-56,-1,-1,0
1523611431059,-1179648,120,-56,-1,-1,0
1523611431059,-786432,120,-56,-1,-1,0
1523611431059,-393216,120,-56,-1,-1,0
1523611431099,-458752,120,-56,-1,-1,0
1523611431099,-917504,120,-56,-1,-1,0
1523611431099,0,120,-56,-1,-1,0
1523611431099,3407872,120,-56,-1,-1,0
1523611431099,7340032,120,-56,-1,-1,0
1523611431139,9437184,120,-56,-1,-1,0
1523611431139,5308416,120,-56,-1,-1,0
1523611431139,0,120,-56,-1,-1,0
1523611431139,-2228224,120,-56,-1,-1,0
1523611431139,-1310720,120,-56,-1,-1,0
1523611431179,-983040,120,-56,-1,-1,0
1523611431179,-851968,120,-56,-1,-1,0
1523611431179,-851968,120,-56,-1,-1,0
1523611431179,-1114112,120,-56,-1,-1,0
1523611431179,-917504,120,-56,-1,-1,0
1523611431219,-720896,120,-56,-1,-1,0
1523611431219,-589824,120,-56,-1,-1,0
1523611431219,-524288,120,-56,-1,-1,0
1523611431219,-458752,120,-56,-1,-1,0
1523611431219,-524288,120,-56,-1,-1,0
1523611431259,-196608,120,-56,-1,-1,0
1523611431259,0,120,-56,-1,-1,0
1523611431259,131072,120,-56,-1,-1,0
1523611431259,65536,120,-56,-1,-1,0
1523611431259,262144,120,-56,-1,-1,0
1523611431299,458752,120,-56,-1,-1,0
1523611431299,589824,120,-56,-1,-1,0
1523611431299,720896,120,-56,-1,-1,0
1523611431299,720896,120,-56,-1,-1,0
1523611431299,786432,120,-56,-1,-1,0
1523611431339,983040,120,-56,-1,-1,0
1523611431339,1310720,120,-56,-1,-1,0
1523611431339,1507328,120,-56,-1,-1,0
1523611431339,1441792,120,-56,-1,-1,0
1523611431339,1048576,120,-56,-1,-1,0
1523611431379,851968,120,-56,-1,-1,0
1523611431379,655360,120,-56,-1,-1,0
1523611431379,589824,120,-56,-1,-1,0
1523611431379,327680,120,-56,-1,-1,0
1523611431379,0,120,-56,-1,-1,0
1523611431419,-131072,120,-56,-1,-1,0
1523611431419,-327680,120,-56,-1,-1,0
1523611431419,-196608,120,-56,-1,-1,0
1523611431419,327680,120,-56,-1,-1,0
1523611431419,655360,120,-56,-1,-1,0
1523611431459,393216,120,-56,-1,-1,0
1523611431459,327680,120,-56,-1,-1,0
1523611431459,589824,120,-56,-1,-1,0
1523611431459,786432,120,-56,-1,-1,0
1523611431459,720896,120,-56,-1,-1,0
1523611431499,720896,120,-56,-1,-1,0
1523611431499,851968,120,-56,-1,-1,0
1523611431499,1114112,120,-56,-1,-1,0
1523611431499,1245184,120,-56,-1,-1,0
1523611431499,983040,120,-56,-1,-1,0
1523611431539,983040,120,-56,-1,-1,0
1523611431539,1376256,120,-56,-1,-1,0
1523611431539,1703936,120,-56,-1,-1,0
1523611431539,1769472,120,-56,-1,-1,0
1523611431539,1572864,120,-56,-1,-1,0
1523611431579,1376256,120,-56,-1,-1,0
1523611431579,1245184,120,-56,-1,-1,0
1523611431579,1376256,120,-56,-1,-1,0
1523611431579,3080192,120,-56,-1,-1,0
1523611431579,7602176,120,-56,-1,-1,0
1523611431619,12517376,120,-56,-1,-1,0
1523611431619,11468800,120,-56,-1,-1,0
1523611431619,4980736,120,-56,-1,-1,0
1523611431619,-65536,120,-56,-1,-1,0
1523611431619,-458752,120,-56,-1,-1,0
1523611431660,196608,120,-56,-1,-1,0
1523611431660,720896,120,-56,-1,-1,0
1523611431660,851968,120,-56,-1,-1,0
1523611431660,-131072,120,-56,-1,-1,0
1523611431660,-786432,120,-56,-1,-1,0
1523611431699,-458752,120,-56,-1,-1,0
1523611431699,65536,120,-56,-1,-1,0
1523611431699,131072,120,-56,-1,-1,0
1523611431699,262144,120,-56,-1,-1,0
1523611431699,589824,120,-56,-1,-1,0
1523611431739,458752,120,-56,-1,-1,0
1523611431739,65536,120,-56,-1,-1,0
1523611431739,-65536,120,-56,-1,-1,0
1523611431739,0,120,-56,-1,-1,0
1523611431739,0,120,-56,-1,-1,0
1523611431779,524288,120,-56,-1,-1,0
1523611431779,655360,120,-56,-1,-1,0
1523611431779,0,120,-56,-1,-1,0
1523611431779,131072,120,-56,-1,-1,0
1523611431779,-65536,120,-56,-1,-1,0
1523611431819,-589824,120,-56,-1,-1,0
1523611431819,-1114112,120,-56,-1,-1,0
1523611431819,-1048576,120,-56,-1,-1,0
1523611431819,-917504,120,-56,-1,-1,0
1523611431819,-851968,120,-56,-1,-1,0
1523611431859,-917504,120,-56,-1,-1,0
1523611431859,-1376256,120,-56,-1,-1,0
1523611431859,-1507328,120,-56,-1,-1,0
1523611431859,-1376256,120,-56,-1,-1,0
1523611431859,-1245184,120,-56,-1,-1,0
1523611431899,-2293760,120,-56,-1,-1,0
1523611431899,-2883584,120,-56,-1,-1,0
1523611431899,-2621440,120,-56,-1,-1,0
1523611431899,-2293760,120,-56,-1,-1,0
1523611431899,-2293760,120,-56,-1,-1,0
1523611431939,-2228224,120,-56,-1,-1,0
1523611431939,-1966080,120,-56,-1,-1,0
1523611431939,-2031616,120,-56,-1,-1,0
1523611431939,-2228224,120,-56,-1,-1,0
1523611431939,-2752512,120,-56,-1,-1,0
1523611431979,-2818048,120,-56,-1,-1,0
1523611431979,-2555904,120,-56,-1,-1,0
1523611431979,-1966080,120,-56,-1,-1,0
1523611431979,-1703936,120,-56,-1,-1,0
1523611431979,-2097152,120,-56,-1,-1,0
1523611432020,-2555904,120,-56,-1,-1,0
1523611432020,-2490368,120,-56,-1,-1,0
1523611432020,-2031616,120,-56,-1,-1,0
1523611432020,-1310720,120,-56,-1,-1,0
1523611432020,-1376256,120,-56,-1,-1,0
1523611432059,-1835008,120,-56,-1,-1,0
1523611432059,-2293760,120,-56,-1,-1,0
1523611432059,-2097152,120,-56,-1,-1,0
1523611432059,-1310720,120,-56,-1,-1,0
1523611432059,720896,120,-56,-1,-1,0
1523611432099,4194304,120,-56,-1,-1,0
1523611432099,8060928,120,-56,-1,-1,0
1523611432099,7471104,120,-56,-1,-1,0
1523611432099,2424832,120,-56,-1,-1,0
1523611432099,-1900544,120,-56,-1,-1,0
1523611432139,-3014656,120,-56,-1,-1,0
1523611432139,-2424832,120,-56,-1,-1,0
1523611432139,-1572864,120,-56,-1,-1,0
1523611432139,-983040,120,-56,-1,-1,0
1523611432139,-786432,120,-56,-1,-1,0
1523611432179,-524288,120,-56,-1,-1,0
1523611432179,-1048576,120,-56,-1,-1,0
1523611432179,-1572864,120,-56,-1,-1,0
1523611432179,-1769472,120,-56,-1,-1,0
1523611432179,-1114112,120,-56,-1,-1,0
1523611432219,-851968,120,-56,-1,-1,0
1523611432219,-720896,120,-56,-1,-1,0
1523611432219,-851968,120,-56,-1,-1,0
1523611432219,-983040,120,-56,-1,-1,0
1523611432219,-1048576,120,-56,-1,-1,0
1523611432259,-1048576,120,-56,-1,-1,0
1523611432259,-655360,120,-56,-1,-1,0
1523611432259,-327680,120,-56,-1,-1,0
1523611432259,-131072,120,-56,-1,-1,0
1523611432259,-458752,120,-56,-1,-1,0
1523611432300,-458752,120,-56,-1,-1,0
1523611432300,-720896,120,-56,-1,-1,0
1523611432300,-917504,120,-56,-1,-1,0
1523611432300,-1114112,120,-56,-1,-1,0
1523611432300,-1245184,120,-56,-1,-1,0
1523611432339,-1703936,120,-56,-1,-1,0
1523611432339,-1966080,120,-56,-1,-1,0
1523611432339,-2293760,120,-56,-1,-1,0
1523611432339,-2031616,120,-56,-1,-1,0
1523611432339,-1769472,120,-56,-1,-1,0
1523611432379,-1376256,120,-56,-1,-1,0
1523611432379,-1441792,120,-56,-1,-1,0
1523611432379,-1507328,120,-56,-1,-1,0
1523611432379,-1441792,120,-56,-1,-1,0
1523611432379,-851968,120,-56,-1,-1,0
1523611432419,-1048576,120,-56,-1,-1,0
1523611432419,-1441792,120,-56,-1,-1,0
1523611432419,-1245184,120,-56,-1,-1,0
1523611432419,-327680,120,-56,-1,-1,0
1523611432419,-393216,120,-56,-1,-1,0
1523611432459,-1179648,120,-56,-1,-1,0
1523611432459,-720896,120,-56,-1,-1,0
1523611432459,131072,120,-56,-1,-1,0
1523611432459,393216,120,-56,-1,-1,0
1523611432459,196608,120,-56,-1,-1,0
1523611432499,262144,120,-56,-1,-1,0
1523611432499,393216,120,-56,-1,-1,0
1523611432499,458752,120,-56,-1,-1,0
1523611432499,524288,120,-56,-1,-1,0
1523611432499,524288,120,-56,-1,-1,0
1523611432539,393216,120,-56,-1,-1,0
1523611432539,131072,120,-56,-1,-1,0
1523611432539,262144,120,-56,-1,-1,0
1523611432539,0,120,-56,-1,-1,0
1523611432539,0,120,-56,-1,-1,0
1523611432579,983040,120,-56,-1,-1,0
1523611432579,3932160,120,-56,-1,-1,0
1523611432579,8585216,120,-56,-1,-1,0
1523611432579,10682368,120,-56,-1,-1,0
1523611432579,6488064,120,-56,-1,-1,0
1523611432619,524288,120,-56,-1,-1,0
1523611432619,-1900544,120,-56,-1,-1,0
1523611432619,-1441792,120,-56,-1,-1,0
1523611432619,-917504,120,-56,-1,-1,0
1523611432619,-720896,120,-56,-1,-1,0
1523611432659,-655360,120,-56,-1,-1,0
1523611432659,-655360,120,-56,-1,-1,0
1523611432659,-655360,120,-56,-1,-1,0
1523611432659,-655360,120,-56,-1,-1,0
1523611432659,-786432,120,-56,-1,-1,0
1523611432699,-917504,120,-56,-1,-1,0
1523611432699,-917504,120,-56,-1,-1,0
1523611432699,-851968,120,-56,-1,-1,0
1523611432699,-786432,120,-56,-1,-1,0
1523611432699,-720896,120,-56,-1,-1,0
1523611432739,-786432,120,-56,-1,-1,0
1523611432739,-786432,120,-56,-1,-1,0
1523611432739,-720896,120,-56,-1,-1,0
1523611432739,-655360,120,-56,-1,-1,0
1523611432739,-655360,120,-56,-1,-1,0
1523611432779,-786432,120,-56,-1,-1,0
1523611432779,-983040,120,-56,-1,-1,0
1523611432779,-1114112,120,-56,-1,-1,0
1523611432779,-1048576,120,-56,-1,-1,0
1523611432779,-917504,120,-56,-1,-1,0
1523611432819,-655360,120,-56,-1,-1,0
1523611432819,-327680,120,-56,-1,-1,0
1523611432819,0,120,-56,-1,-1,0
1523611432819,262144,120,-56,-1,-1,0
1523611432819,131072,120,-56,-1,-1,0
1523611432859,-131072,120,-56,-1,-1,0
1523611432859,0,120,-56,-1,-1,0
1523611432859,327680,120,-56,-1,-1,0
1523611432859,720896,120,-56,-1,-1,0
1523611432859,1114112,120,-56,-1,-1,0
1523611432899,1572864,120,-56,-1,-1,0
1523611432899,1900544,120,-56,-1,-1,0
1523611432899,1638400,120,-56,-1,-1,0
1523611432899,1245184,120,-56,-1,-1,0
1523611432899,983040,120,-56,-1,-1,0
1523611432940,851968,120,-56,-1,-1,0
1523611432940,786432,120,-56,-1,-1,0
1523611432940,983040,120,-56,-1,-1,0
1523611432940,1245184,120,-56,-1,-1,0
1523611432940,1245184,120,-56,-1,-1,0
1523611432979,983040,120,-56,-1,-1,0
1523611432979,1114112,120,-56,-1,-1,0
1523611432979,1245184,120,-56,-1,-1,0
1523611432979,1114112,120,-56,-1,-1,0
1523611432979,1114112,120,-56,-1,-1,0
1523611433019,1900544,120,-56,-1,-1,0
1523611433019,2359296,120,-56,-1,-1,0
1523611433019,1966080,120,-56,-1,-1,0
1523611433019,1245184,120,-56,-1,-1,0
1523611433019,917504,120,-56,-1,-1,0
1523611433059,1048576,120,-56,-1,-1,0
1523611433059,2752512,120,-56,-1,-1,0
1523611433059,6881280,120,-56,-1,-1,0
1523611433059,11272192,120,-56,-1,-1,0
1523611433059,10223616,120,-56,-1,-1,0
1523611433099,4128768,120,-56,-1,-1,0
1523611433099,-524288,120,-56,-1,-1,0
1523611433099,-1114112,120,-56,-1,-1,0
1523611433099,-720896,120,-56,-1,-1,0
1523611433099,-720896,120,-56,-1,-1,0
1523611433140,-589824,120,-56,-1,-1,0
1523611433140,-589824,120,-56,-1,-1,0
1523611433140,-393216,120,-56,-1,-1,0
1523611433140,-262144,120,-56,-1,-1,0
1523611433140,-262144,120,-56,-1,-1,0
1523611433179,-327680,120,-56,-1,-1,0
1523611433179,0,120,-56,-1,-1,0
1523611433179,131072,120,-56,-1,-1,0
1523611433179,0,120,-56,-1,-1,0
1523611433179,65536,120,-56,-1,-1,0
1523611433219,393216,120,-56,-1,-1,0
1523611433219,458752,120,-56,-1,-1,0
1523611433219,65536,120,-56,-1,-1,0
1523611433219,0,120,-56,-1,-1,0
1523611433219,131072,120,-56,-1,-1,0
1523611433259,196608,120,-56,-1,-1,0
1523611433259,196608,120,-56,-1,-1,0
1523611433259,196608,120,-56,-1,-1,0
1523611433259,-196608,120,-56,-1,-1,0
1523611433259,-655360,120,-56,-1,-1,0
1523611433299,-917504,121,-56,-1,-1,0
1523611433299,-1114112,121,-56,-1,-1,0
1523611433299,-1310720,121,-56,-1,-1,0
1523611433299,-1179648,121,-56,-1,-1,0
1523611433299,-917504,121,-56,-1,-1,0
1523611433338,-983040,121,-56,-1,-1,0
1523611433338,-1376256,121,-56,-1,-1,0
1523611433338,-2031616,121,-56,-1,-1,0
1523611433338,-2293760,121,-56,-1,-1,0
1523611433338,-1966080,121,-56,-1,-1,0
1523611433378,-1376256,121,-56,-1,-1,0
1523611433378,-1638400,121,-56,-1,-1,0
1523611433378,-1966080,121,-56,-1,-1,0
1523611433378,-2162688,121,-56,-1,-1,0
1523611433378,-2228224,121,-56,-1,-1,0
1523611433418,-1769472,121,-56,-1,-1,0
1523611433418,-1376256,121,-56,-1,-1,0
1523611433418,-1441792,121,-56,-1,-1,0
1523611433418,-1703936,121,-56,-1,-1,0
1523611433418,-1441792,121,-56,-1,-1,0
1523611433458,-1441792,121,-56,-1,-1,0
1523611433458,-1507328,121,-56,-1,-1,0
1523611433458,-1703936,121,-56,-1,-1,0
1523611433458,-1835008,121,-56,-1,-1,0
1523611433458,-1900544,121,-56,-1,-1,0
1523611433499,-1572864,121,-56,-1,-1,0
1523611433499,-1638400,121,-56,-1,-1,0
1523611433499,-2097152,121,-56,-1,-1,0
1523611433499,-1900544,121,-56,-1,-1,0
1523611433499,-1441792,121,-56,-1,-1,0
1523611433538,-1310720,121,-56,-1,-1,0
1523611433538,-65536,121,-56,-1,-1,0
1523611433538,3145728,121,-56,-1,-1,0
1523611433538,7471104,121,-56,-1,-1,0
1523611433538,7602176,121,-56,-1,-1,0
1523611433580,2621440,121,-56,-1,-1,0
1523611433580,-1703936,121,-56,-1,-1,0
1523611433580,-1966080,121,-56,-1,-1,0
1523611433580,-1441792,121,-56,-1,-1,0
1523611433580,-1572864,121,-56,-1,-1,0
1523611433619,-1572864,121,-56,-1,-1,0
1523611433619,-1703936,121,-56,-1,-1,0
1523611433619,-1703936,121,-56,-1,-1,0
1523611433619,-1048576,121,-56,-1,-1,0
1523611433619,-589824,121,-56,-1,-1,0
1523611433658,-786432,121,-56,-1,-1,0
1523611433658,-1114112,121,-56,-1,-1,0
1523611433658,-655360,121,-56,-1,-1,0
1523611433658,0,121,-56,-1,-1,0
1523611433658,327680,121,-56,-1,-1,0
1523611433698,-327680,121,-56,-1,-1,0
1523611433698,-65536,121,-56,-1,-1,0
1523611433698,262144,121,-56,-1,-1,0
1523611433698,524288,121,-56,-1,-1,0
1523611433698,655360,121,-56,-1,-1,0
1523611433739,655360,121,-56,-1,-1,0
1523611433739,458752,121,-56,-1,-1,0
1523611433739,917504,121,-56,-1,-1,0
1523611433739,983040,121,-56,-1,-1,0
1523611433739,524288,121,-56,-1,-1,0
1523611433779,-196608,121,-56,-1,-1,0
1523611433779,0,121,-56,-1,-1,0
1523611433779,327680,121,-56,-1,-1,0
1523611433779,65536,121,-56,-1,-1,0
1523611433779,-262144,121,-56,-1,-1,0
1523611433819,-524288,121,-56,-1,-1,0
1523611433819,-786432,121,-56,-1,-1,0
1523611433819,-1114112,121,-56,-1,-1,0
1523611433819,-1048576,121,-56,-1,-1,0
1523611433819,-1310720,121,-56,-1,-1,0
1523611433858,-1376256,121,-56,-1,-1,0
1523611433858,-1376256,121,-56,-1,-1,0
1523611433858,-1441792,121,-56,-1,-1,0
1523611433858,-1179648,121,-56,-1,-1,0
1523611433858,-1245184,121,-56,-1,-1,0
1523611433899,-1703936,121,-56,-1,-1,0
1523611433899,-1638400,121,-56,-1,-1,0
1523611433899,-1310720,121,-56,-1,-1,0
1523611433899,-1441792,121,-56,-1,-1,0
1523611433899,-1507328,121,-56,-1,-1,0
1523611433938,-1572864,121,-56,-1,-1,0
1523611433938,-1572864,121,-56,-1,-1,0
1523611433938,-1507328,121,-56,-1,-1,0
1523611433938,-1245184,121,-56,-1,-1,0
1523611433938,-1245184,121,-56,-1,-1,0
1523611433979,-1048576,121,-56,-1,-1,0
1523611433979,-655360,121,-56,-1,-1,0
1523611433979,-1114112,121,-56,-1,-1,0
1523611433979,-1572864,121,-56,-1,-1,0
1523611433979,-1900544,121,-56,-1,-1,0
1523611434018,-1441792,121,-56,-1,-1,0
1523611434018,-262144,121,-56,-1,-1,0
1523611434018,3932160,121,-56,-1,-1,0
1523611434018,9830400,121,-56,-1,-1,0
1523611434018,11272192,121,-56,-1,-1,0
1523611434058,5242880,121,-56,-1,-1,0
1523611434058,-917504,121,-56,-1,-1,0
1523611434058,-2359296,121,-56,-1,-1,0
1523611434058,-1441792,121,-56,-1,-1,0
1523611434058,-1245184,121,-56,-1,-1,0
1523611434098,-1507328,121,-56,-1,-1,0
1523611434098,-1048576,121,-56,-1,-1,0
1523611434098,-1048576,121,-56,-1,-1,0
1523611434098,-1769472,121,-56,-1,-1,0
1523611434098,-2097152,121,-56,-1,-1,0
1523611434139,-1703936,121,-56,-1,-1,0
1523611434139,-1703936,121,-56,-1,-1,0
1523611434139,-1572864,121,-56,-1,-1,0
1523611434139,-1507328,121,-56,-1,-1,0
1523611434139,-1376256,121,-56,-1,-1,0
1523611434179,-1245184,121,-56,-1,-1,0
1523611434179,-1048576,121,-56,-1,-1,0
1523611434179,-851968,121,-56,-1,-1,0
1523611434179,-720896,121,-56,-1,-1,0
1523611434179,-524288,121,-56,-1,-1,0
1523611434220,-327680,121,-56,-1,-1,0
1523611434220,-262144,121,-56,-1,-1,0
1523611434220,-327680,121,-56,-1,-1,0
1523611434220,-458752,121,-56,-1,-1,0
1523611434220,-589824,121,-56,-1,-1,0
1523611434259,-524288,122,-56,-1,-1,0
1523611434259,-327680,122,-56,-1,-1,0
1523611434259,-131072,122,-56,-1,-1,0
1523611434259,-196608,122,-56,-1,-1,0
1523611434259,-393216,122,-56,-1,-1,0
1523611434299,-720896,122,-56,-1,-1,0
1523611434299,-720896,122,-56,-1,-1,0
1523611434299,-589824,122,-56,-1,-1,0
1523611434299,-196608,122,-56,-1,-1,0
1523611434299,0,122,-56,-1,-1,0
1523611434338,393216,122,-56,-1,-1,0
1523611434338,1048576,122,-56,-1,-1,0
1523611434338,1441792,122,-56,-1,-1,0
1523611434338,1310720,122,-56,-1,-1,0
1523611434338,720896,122,-56,-1,-1,0
1523611434379,262144,122,-56,-1,-1,0
1523611434379,589824,122,-56,-1,-1,0
1523611434379,851968,122,-56,-1,-1,0
1523611434379,589824,122,-56,-1,-1,0
1523611434379,458752,122,-56,-1,-1,0
1523611434419,983040,122,-56,-1,-1,0
1523611434419,983040,122,-56,-1,-1,0
1523611434419,720896,122,-56,-1,-1,0
1523611434419,458752,122,-56,-1,-1,0
1523611434419,458752,122,-56,-1,-1,0
1523611434459,524288,122,-56,-1,-1,0
1523611434459,851968,122,-56,-1,-1,0
1523611434459,1310720,122,-56,-1,-1,0
1523611434459,1572864,122,-56,-1,-1,0
1523611434459,1900544,122,-56,-1,-1,0
1523611434498,2883584,122,-56,-1,-1,0
1523611434498,5898240,122,-56,-1,-1,0
1523611434498,11010048,122,-56,-1,-1,0
1523611434498,13828096,122,-56,-1,-1,0
1523611434498,9633792,122,-56,-1,-1,0
1523611434539,2621440,122,-56,-1,-1,0
1523611434539,-262144,122,-56,-1,-1,0
1523611434539,0,122,-56,-1,-1,0
1523611434539,262144,122,-56,-1,-1,0
1523611434539,393216,122,-56,-1,-1,0
1523611434579,720896,122,-56,-1,-1,0
1523611434579,327680,122,-56,-1,-1,0
1523611434579,-65536,122,-56,-1,-1,0
1523611434579,0,122,-56,-1,-1,0
1523611434579,458752,122,-56,-1,-1,0
1523611434619,458752,122,-56,-1,-1,0
1523611434619,458752,122,-56,-1,-1,0
1523611434619,589824,122,-56,-1,-1,0
1523611434619,720896,122,-56,-1,-1,0
1523611434619,851968,122,-56,-1,-1,0
1523611434659,983040,122,-56,-1,-1,0
1523611434659,1114112,122,-56,-1,-1,0
1523611434659,983040,122,-56,-1,-1,0
1523611434659,917504,122,-56,-1,-1,0
1523611434659,1179648,122,-56,-1,-1,0
1523611434699,1376256,122,-56,-1,-1,0
1523611434699,1310720,122,-56,-1,-1,0
1523611434699,1310720,122,-56,-1,-1,0
1523611434699,1114112,122,-56,-1,-1,0
1523611434699,1179648,122,-56,-1,-1,0
1523611434738,983040,122,-56,-1,-1,0
1523611434738,458752,122,-56,-1,-1,0
1523611434738,131072,122,-56,-1,-1,0
1523611434738,262144,122,-56,-1,-1,0
1523611434738,262144,122,-56,-1,-1,0
1523611434779,-262144,122,-56,-1,-1,0
1523611434779,-720896,122,-56,-1,-1,0
1523611434779,-589824,122,-56,-1,-1,0
1523611434779,-458752,122,-56,-1,-1,0
1523611434779,-589824,122,-56,-1,-1,0
1523611434818,-1376256,122,-56,-1,-1,0
1523611434818,-1572864,122,-56,-1,-1,0
1523611434818,-1638400,122,-56,-1,-1,0
1523611434818,-1245184,122,-56,-1,-1,0
1523611434818,-1376256,122,-56,-1,-1,0
1523611434860,-1179648,122,-56,-1,-1,0
1523611434860,-786432,122,-56,-1,-1,0
1523611434860,-786432,122,-56,-1,-1,0
1523611434860,-1245184,122,-56,-1,-1,0
1523611434860,-1835008,122,-56,-1,-1,0
1523611434899,-2097152,122,-56,-1,-1,0
1523611434899,-1835008,122,-56,-1,-1,0
1523611434899,-1507328,122,-56,-1,-1,0
1523611434899,-1441792,122,-56,-1,-1,0
1523611434899,-1703936,122,-56,-1,-1,0
1523611434939,-1441792,122,-56,-1,-1,0
1523611434939,-1179648,122,-56,-1,-1,0
1523611434939,-1572864,122,-56,-1,-1,0
1523611434939,-2424832,122,-56,-1,-1,0
1523611434939,-1900544,122,-56,-1,-1,0
1523611434979,589824,122,-56,-1,-1,0
1523611434979,5111808,122,-56,-1,-1,0
1523611434979,8781824,122,-56,-1,-1,0
1523611434979,7471104,122,-56,-1,-1,0
1523611434979,1900544,122,-56,-1,-1,0
1523611435020,-2490368,122,-56,-1,-1,0
1523611435020,-2949120,122,-56,-1,-1,0
1523611435020,-1638400,122,-56,-1,-1,0
1523611435020,-1179648,122,-56,-1,-1,0
1523611435020,-983040,122,-56,-1,-1,0
1523611435059,-1507328,122,-56,-1,-1,0
1523611435059,-1835008,122,-56,-1,-1,0
1523611435059,-1572864,122,-56,-1,-1,0
1523611435059,-917504,122,-56,-1,-1,0
1523611435059,-1114112,122,-56,-1,-1,0
1523611435099,-1769472,122,-56,-1,-1,0
1523611435099,-1310720,122,-56,-1,-1,0
1523611435099,-917504,122,-56,-1,-1,0
1523611435099,-655360,122,-56,-1,-1,0
1523611435099,-458752,122,-56,-1,-1,0
1523611435138,196608,122,-56,-1,-1,0
1523611435138,327680,122,-56,-1,-1,0
1523611435138,458752,122,-56,-1,-1,0
1523611435138,458752,122,-56,-1,-1,0
1523611435138,327680,122,-56,-1,-1,0
1523611435179,131072,122,-56,-1,-1,0
1523611435179,131072,122,-56,-1,-1,0
1523611435179,0,122,-56,-1,-1,0
1523611435179,0,122,-56,-1,-1,0
1523611435179,0,122,-56,-1,-1,0
1523611435219,-327680,122,-56,-1,-1,0
1523611435219,131072,122,-56,-1,-1,0
1523611435219,-65536,122,-56,-1,-1,0
1523611435219,-655360,122,-56,-1,-1,0
1523611435219,-917504,122,-56,-1,-1,0
1523611435259,-851968,122,-56,-1,-1,0
1523611435259,-1048576,122,-56,-1,-1,0
1523611435259,-1245184,122,-56,-1,-1,0
1523611435259,-1310720,122,-56,-1,-1,0
1523611435259,-917504,122,-56,-1,-1,0
1523611435299,-655360,122,-56,-1,-1,0
1523611435299,-589824,122,-56,-1,-1,0
1523611435299,-786432,122,-56,-1,-1,0
1523611435299,-1376256,122,-56,-1,-1,0
1523611435299,-1638400,122,-56,-1,-1,0
1523611435339,-1376256,122,-56,-1,-1,0
1523611435339,-1245184,122,-56,-1,-1,0
1523611435339,-1769472,122,-56,-1,-1,0
1523611435339,-1900544,122,-56,-1,-1,0
1523611435339,-1245184,122,-56,-1,-1,0
1523611435379,-917504,122,-56,-1,-1,0
1523611435379,-1441792,122,-56,-1,-1,0
1523611435379,-1966080,122,-56,-1,-1,0
1523611435379,-1835008,122,-56,-1,-1,0
1523611435379,-1835008,122,-56,-1,-1,0
1523611435419,-2031616,122,-56,-1,-1,0
1523611435419,-1769472,122,-56,-1,-1,0
1523611435419,-1376256,122,-56,-1,-1,0
1523611435419,-655360,122,-56,-1,-1,0
1523611435419,1376256,122,-56,-1,-1,0
1523611435459,5898240,122,-56,-1,-1,0
1523611435459,10354688,122,-56,-1,-1,0
1523611435459,9633792,122,-56,-1,-1,0
1523611435459,3407872,122,-56,-1,-1,0
1523611435459,-1703936,122,-56,-1,-1,0
1523611435500,-2752512,122,-56,-1,-1,0
1523611435500,-1769472,122,-56,-1,-1,0
1523611435500,-1310720,122,-56,-1,-1,0
1523611435500,-1048576,122,-56,-1,-1,0
1523611435500,-1900544,122,-56,-1,-1,0
1523611435539,-1638400,122,-56,-1,-1,0
1523611435539,-1245184,122,-56,-1,-1,0
1523611435539,-1048576,122,-56,-1,-1,0
1523611435539,-1441792,122,-56,-1,-1,0
1523611435539,-1376256,122,-56,-1,-1,0
1523611435579,-1310720,122,-56,-1,-1,0
1523611435579,-1179648,122,-56,-1,-1,0
1523611435579,-1245184,122,-56,-1,-1,0
1523611435579,-1048576,122,-56,-1,-1,0
1523611435579,-917504,122,-56,-1,-1,0
1523611435619,-786432,122,-56,-1,-1,0
1523611435619,-720896,122,-56,-1,-1,0
1523611435619,-393216,122,-56,-1,-1,0
1523611435619,-393216,122,-56,-1,-1,0
1523611435619,-458752,122,-56,-1,-1,0
1523611435659,-458752,122,-56,-1,-1,0
1523611435659,-589824,122,-56,-1,-1,0
1523611435659,-720896,122,-56,-1,-1,0
1523611435659,-983040,122,-56,-1,-1,0
1523611435659,-1376256,122,-56,-1,-1,0
1523611435699,-1703936,123,-56,-1,-1,0
1523611435699,-1966080,123,-56,-1,-1,0
1523611435699,-2162688,123,-56,-1,-1,0
1523611435699,-2359296,123,-56,-1,-1,0
1523611435699,-2424832,123,-56,-1,-1,0
1523611435738,-2424832,123,-56,-1,-1,0
1523611435738,-2293760,123,-56,-1,-1,0
1523611435738,-2228224,123,-56,-1,-1,0
1523611435738,-2097152,123,-56,-1,-1,0
1523611435738,-2162688,123,-56,-1,-1,0
1523611435778,-2031616,123,-56,-1,-1,0
1523611435778,-1703936,123,-56,-1,-1,0
1523611435778,-1245184,123,-56,-1,-1,0
1523611435778,-917504,123,-56,-1,-1,0
1523611435778,-458752,123,-56,-1,-1,0
1523611435819,0,123,-56,-1,-1,0
1523611435819,262144,123,-56,-1,-1,0
1523611435819,131072,123,-56,-1,-1,0
1523611435819,131072,123,-56,-1,-1,0
1523611435819,196608,123,-56,-1,-1,0
1523611435858,393216,123,-56,-1,-1,0
1523611435858,393216,123,-56,-1,-1,0
1523611435858,524288,123,-56,-1,-1,0
1523611435858,327680,123,-56,-1,-1,0
1523611435858,131072,123,-56,-1,-1,0
1523611435898,131072,123,-56,-1,-1,0
1523611435898,393216,123,-56,-1,-1,0
1523611435898,1179648,123,-56,-1,-1,0
1523611435898,3866624,123,-56,-1,-1,0
1523611435898,9175040,123,-56,-1,-1,0
1523611435938,12910592,123,-56,-1,-1,0
1523611435938,9764864,123,-56,-1,-1,0
1523611435938,2883584,123,-56,-1,-1,0
1523611435938,-589824,123,-56,-1,-1,0
1523611435938,-262144,123,-56,-1,-1,0
1523611435978,65536,123,-56,-1,-1,0
1523611435978,65536,123,-56,-1,-1,0
1523611435978,393216,123,-56,-1,-1,0
1523611435978,655360,123,-56,-1,-1,0
1523611435978,524288,123,-56,-1,-1,0
1523611436018,0,123,-56,-1,-1,0
1523611436018,-262144,123,-56,-1,-1,0
1523611436018,-65536,123,-56,-1,-1,0
1523611436018,196608,123,-56,-1,-1,0
1523611436018,458752,123,-56,-1,-1,0
1523611436058,458752,123,-56,-1,-1,0
1523611436058,262144,123,-56,-1,-1,0
1523611436058,196608,123,-56,-1,-1,0
1523611436058,196608,123,-56,-1,-1,0
1523611436058,524288,123,-56,-1,-1,0
1523611436098,983040,123,-56,-1,-1,0
1523611436098,1245184,123,-56,-1,-1,0
1523611436098,1179648,123,-56,-1,-1,0
1523611436098,655360,123,-56,-1,-1,0
1523611436098,393216,123,-56,-1,-1,0
1523611436140,262144,123,-56,-1,-1,0
1523611436140,393216,123,-56,-1,-1,0
1523611436140,262144,123,-56,-1,-1,0
1523611436140,131072,123,-56,-1,-1,0
1523611436140,-65536,123,-56,-1,-1,0
1523611436178,-524288,123,-56,-1,-1,0
1523611436178,-917504,123,-56,-1,-1,0
1523611436178,-1048576,123,-56,-1,-1,0
1523611436178,-1048576,123,-56,-1,-1,0
1523611436178,-1114112,123,-56,-1,-1,0
1523611436219,-1179648,123,-56,-1,-1,0
1523611436219,-1114112,123,-56,-1,-1,0
1523611436219,-1048576,123,-56,-1,-1,0
1523611436219,-655360,123,-56,-1,-1,0
1523611436219,-524288,123,-56,-1,-1,0
1523611436258,-917504,123,-56,-1,-1,0
1523611436258,-1572864,123,-56,-1,-1,0
1523611436258,-1703936,123,-56,-1,-1,0
1523611436258,-1048576,123,-56,-1,-1,0
1523611436258,-589824,123,-56,-1,-1,0
1523611436299,-1048576,123,-56,-1,-1,0
1523611436299,-1507328,123,-56,-1,-1,0
1523611436299,-1441792,123,-56,-1,-1,0
1523611436299,-1376256,123,-56,-1,-1,0
1523611436299,-1507328,123,-56,-1,-1,0
1523611436338,-1572864,123,-56,-1,-1,0
1523611436338,-1572864,123,-56,-1,-1,0
1523611436338,-1769472,123,-56,-1,-1,0
1523611436338,-1572864,123,-56,-1,-1,0
1523611436338,-1376256,123,-56,-1,-1,0
1523611436379,-1572864,123,-56,-1,-1,0
1523611436379,-1572864,123,-56,-1,-1,0
1523611436379,0,123,-56,-1,-1,0
1523611436379,3735552,123,-56,-1,-1,0
1523611436379,8257536,123,-56,-1,-1,0
1523611436418,8912896,123,-56,-1,-1,0
1523611436418,4325376,123,-56,-1,-1,0
1523611436418,-851968,123,-56,-1,-1,0
1523611436418,-2555904,123,-56,-1,-1,0
1523611436418,-1966080,123,-56,-1,-1,0
1523611436459,-1245184,123,-56,-1,-1,0
1523611436459,-1114112,123,-56,-1,-1,0
1523611436459,-1441792,123,-56,-1,-1,0
1523611436459,-1572864,123,-56,-1,-1,0
1523611436459,-1310720,123,-56,-1,-1,0
1523611436499,-1507328,123,-56,-1,-1,0
1523611436499,-1507328,123,-56,-1,-1,0
1523611436499,-1048576,123,-56,-1,-1,0
1523611436499,-131072,123,-56,-1,-1,0
1523611436499,-196608,123,-56,-1,-1,0
1523611436539,-655360,123,-56,-1,-1,0
1523611436539,-983040,123,-56,-1,-1,0
1523611436539,-262144,123,-56,-1,-1,0
1523611436539,327680,123,-56,-1,-1,0
1523611436539,196608,123,-56,-1,-1,0
1523611436578,-262144,123,-56,-1,-1,0
1523611436578,-327680,123,-56,-1,-1,0
1523611436578,-131072,123,-56,-1,-1,0
1523611436578,131072,123,-56,-1,-1,0
1523611436578,327680,123,-56,-1,-1,0
1523611436619,393216,123,-56,-1,-1,0
1523611436619,589824,123,-56,-1,-1,0
1523611436619,917504,123,-56,-1,-1,0
1523611436619,720896,123,-56,-1,-1,0
1523611436619,327680,123,-56,-1,-1,0
1523611436658,0,123,-56,-1,-1,0
1523611436658,-131072,123,-56,-1,-1,0
1523611436658,-458752,123,-56,-1,-1,0
1523611436658,-917504,123,-56,-1,-1,0
1523611436658,-720896,123,-56,-1,-1,0
1523611436699,0,123,-56,-1,-1,0
1523611436699,-65536,123,-56,-1,-1,0
1523611436699,-655360,123,-56,-1,-1,0
1523611436699,-786432,123,-56,-1,-1,0
1523611436699,-655360,123,-56,-1,-1,0
1523611436738,-720896,123,-56,-1,-1,0
1523611436738,-196608,123,-56,-1,-1,0
1523611436738,-65536,123,-56,-1,-1,0
1523611436738,-262144,123,-56,-1,-1,0
1523611436738,0,123,-56,-1,-1,0
1523611436780,524288,123,-56,-1,-1,0
1523611436780,-131072,123,-56,-1,-1,0
1523611436780,-917504,123,-56,-1,-1,0
1523611436780,-1179648,123,-56,-1,-1,0
1523611436780,-589824,123,-56,-1,-1,0
1523611436819,-327680,123,-56,-1,-1,0
1523611436819,-851968,123,-56,-1,-1,0
1523611436819,-1114112,123,-56,-1,-1,0
1523611436819,-1179648,123,-56,-1,-1,0
1523611436819,-1441792,123,-56,-1,-1,0
1523611436859,-1507328,123,-56,-1,-1,0
1523611436859,-720896,123,-56,-1,-1,0
1523611436859,1179648,123,-56,-1,-1,0
1523611436859,5898240,123,-56,-1,-1,0
1523611436859,9699328,123,-56,-1,-1,0
1523611436898,6881280,123,-56,-1,-1,0
1523611436898,524288,123,-56,-1,-1,0
1523611436898,-2490368,123,-56,-1,-1,0
1523611436898,-1835008,123,-56,-1,-1,0
1523611436898,-1179648,123,-56,-1,-1,0
1523611436939,-1245184,123,-56,-1,-1,0
1523611436939,-1572864,123,-56,-1,-1,0
1523611436939,-2228224,123,-56,-1,-1,0
1523611436939,-1638400,123,-56,-1,-1,0
1523611436939,-1179648,123,-56,-1,-1,0
1523611436978,-983040,123,-56,-1,-1,0
1523611436978,-1310720,123,-56,-1,-1,0
1523611436978,-1376256,123,-56,-1,-1,0
1523611436978,-1245184,123,-56,-1,-1,0
1523611436978,-1179648,123,-56,-1,-1,0
1523611437019,-1048576,123,-56,-1,-1,0
1523611437019,-917504,123,-56,-1,-1,0
1523611437019,-983040,123,-56,-1,-1,0
1523611437019,-851968,123,-56,-1,-1,0
1523611437019,-589824,123,-56,-1,-1,0
1523611437058,-458752,123,-56,-1,-1,0
1523611437058,0,123,-56,-1,-1,0
1523611437058,131072,123,-56,-1,-1,0
1523611437058,393216,123,-56,-1,-1,0
1523611437058,0,123,-56,-1,-1,0
1523611437099,-65536,125,-56,-1,-1,0
1523611437099,-196608,125,-56,-1,-1,0
1523611437099,-262144,125,-56,-1,-1,0
1523611437099,-524288,125,-56,-1,-1,0
1523611437099,-983040,125,-56,-1,-1,0
1523611437138,-1376256,125,-56,-1,-1,0
1523611437138,-1638400,125,-56,-1,-1,0
1523611437138,-1703936,125,-56,-1,-1,0
1523611437138,-1703936,125,-56,-1,-1,0
1523611437138,-1638400,125,-56,-1,-1,0
1523611437179,-1638400,125,-56,-1,-1,0
1523611437179,-1572864,125,-56,-1,-1,0
1523611437179,-1441792,125,-56,-1,-1,0
1523611437179,-1245184,125,-56,-1,-1,0
1523611437179,-1179648,125,-56,-1,-1,0
1523611437218,-1048576,125,-56,-1,-1,0
1523611437218,-720896,125,-56,-1,-1,0
1523611437218,-524288,125,-56,-1,-1,0
1523611437218,-524288,125,-56,-1,-1,0
1523611437218,-327680,125,-56,-1,-1,0
1523611437259,0,125,-56,-1,-1,0
1523611437259,0,125,-56,-1,-1,0
1523611437259,-65536,125,-56,-1,-1,0
1523611437259,0,125,-56,-1,-1,0
1523611437259,131072,125,-56,-1,-1,0
1523611437299,524288,125,-56,-1,-1,0
1523611437299,917504,125,-56,-1,-1,0
1523611437299,1114112,125,-56,-1,-1,0
1523611437299,1310720,125,-56,-1,-1,0
1523611437299,1441792,125,-56,-1,-1,0
1523611437339,1769472,125,-56,-1,-1,0
1523611437339,3276800,125,-56,-1,-1,0
1523611437339,6815744,125,-56,-1,-1,0
1523611437339,10878976,125,-56,-1,-1,0
1523611437339,10158080,125,-56,-1,-1,0
1523611437378,4390912,125,-56,-1,-1,0
1523611437378,-327680,125,-56,-1,-1,0
1523611437378,-917504,125,-56,-1,-1,0
1523611437378,-458752,125,-56,-1,-1,0
1523611437378,-524288,125,-56,-1,-1,0
1523611437420,-524288,125,-56,-1,-1,0
1523611437420,-131072,125,-56,-1,-1,0
1523611437420,458752,125,-56,-1,-1,0
1523611437420,786432,125,-56,-1,-1,0
1523611437420,786432,125,-56,-1,-1,0
1523611437458,524288,125,-56,-1,-1,0
1523611437458,524288,125,-56,-1,-1,0
1523611437458,393216,125,-56,-1,-1,0
1523611437458,262144,125,-56,-1,-1,0
1523611437458,0,125,-56,-1,-1,0
1523611437499,-131072,125,-56,-1,-1,0
1523611437499,-262144,125,-56,-1,-1,0
1523611437499,0,125,-56,-1,-1,0
1523611437499,327680,125,-56,-1,-1,0
1523611437499,458752,125,-56,-1,-1,0
1523611437538,393216,125,-56,-1,-1,0
1523611437538,327680,125,-56,-1,-1,0
1523611437538,262144,125,-56,-1,-1,0
1523611437538,65536,125,-56,-1,-1,0
1523611437538,65536,125,-56,-1,-1,0
1523611437579,65536,125,-56,-1,-1,0
1523611437579,0,125,-56,-1,-1,0
1523611437579,-262144,125,-56,-1,-1,0
1523611437579,-524288,125,-56,-1,-1,0
1523611437579,-851968,125,-56,-1,-1,0
1523611437618,-1245184,125,-56,-1,-1,0
1523611437618,-1638400,125,-56,-1,-1,0
1523611437618,-1638400,125,-56,-1,-1,0
1523611437618,-1572864,125,-56,-1,-1,0
1523611437618,-1703936,125,-56,-1,-1,0
1523611437659,-1507328,125,-56,-1,-1,0
1523611437659,-1114112,125,-56,-1,-1,0
1523611437659,-1179648,125,-56,-1,-1,0
1523611437659,-1507328,125,-56,-1,-1,0
1523611437659,-1835008,125,-56,-1,-1,0
1523611437700,-1769472,125,-56,-1,-1,0
1523611437700,-1572864,125,-56,-1,-1,0
1523611437700,-1441792,125,-56,-1,-1,0
1523611437700,-1703936,125,-56,-1,-1,0
1523611437700,-1376256,125,-56,-1,-1,0
1523611437739,-786432,125,-56,-1,-1,0
1523611437739,-262144,125,-56,-1,-1,0
1523611437739,-1048576,125,-56,-1,-1,0
1523611437739,-2031616,125,-56,-1,-1,0
1523611437739,-2490368,125,-56,-1,-1,0
1523611437779,-2293760,125,-56,-1,-1,0
1523611437779,-1703936,125,-56,-1,-1,0
1523611437779,-1835008,125,-56,-1,-1,0
1523611437779,-2490368,125,-56,-1,-1,0
1523611437779,-2424832,125,-56,-1,-1,0
1523611437820,-2031616,125,-56,-1,-1,0
1523611437820,-786432,125,-56,-1,-1,0
1523611437820,2424832,125,-56,-1,-1,0
1523611437820,7274496,125,-56,-1,-1,0
1523611437820,8585216,125,-56,-1,-1,0
1523611437858,3801088,125,-56,-1,-1,0
1523611437858,-1572864,125,-56,-1,-1,0
1523611437858,-2555904,125,-56,-1,-1,0
1523611437858,-1835008,125,-56,-1,-1,0
1523611437858,-1376256,125,-56,-1,-1,0
1523611437899,-1245184,125,-56,-1,-1,0
1523611437899,-1048576,125,-56,-1,-1,0
1523611437899,-1376256,125,-56,-1,-1,0
1523611437899,-1376256,125,-56,-1,-1,0
1523611437899,-1245184,125,-56,-1,-1,0
1523611437939,-1048576,125,-56,-1,-1,0
1523611437939,-983040,125,-56,-1,-1,0
1523611437939,-327680,125,-56,-1,-1,0
1523611437939,0,125,-56,-1,-1,0
1523611437939,131072,125,-56,-1,-1,0
1523611437979,0,125,-56,-1,-1,0
1523611437979,-65536,125,-56,-1,-1,0
1523611437979,-131072,125,-56,-1,-1,0
1523611437979,196608,125,-56,-1,-1,0
1523611437979,786432,125,-56,-1,-1,0
1523611438018,786432,125,-56,-1,-1,0
1523611438018,458752,125,-56,-1,-1,0
1523611438018,458752,125,-56,-1,-1,0
1523611438018,983040,125,-56,-1,-1,0
1523611438018,720896,125,-56,-1,-1,0
1523611438060,65536,125,-56,-1,-1,0
1523611438060,196608,125,-56,-1,-1,0
1523611438060,983040,125,-56,-1,-1,0
1523611438060,983040,125,-56,-1,-1,0
1523611438060,393216,125,-56,-1,-1,0
1523611438098,0,125,-56,-1,-1,0
1523611438098,65536,125,-56,-1,-1,0
1523611438098,0,125,-56,-1,-1,0
1523611438098,0,125,-56,-1,-1,0
1523611438098,-196608,125,-56,-1,-1,0
1523611438139,-131072,125,-56,-1,-1,0
1523611438139,-65536,125,-56,-1,-1,0
1523611438139,-262144,125,-56,-1,-1,0
1523611438139,-655360,125,-56,-1,-1,0
1523611438139,-196608,125,-56,-1,-1,0
1523611438178,393216,125,-56,-1,-1,0
1523611438178,720896,125,-56,-1,-1,0
1523611438178,393216,125,-56,-1,-1,0
1523611438178,720896,125,-56,-1,-1,0
1523611438178,65536,125,-56,-1,-1,0
1523611438219,-196608,125,-56,-1,-1,0
1523611438219,0,125,-56,-1,-1,0
1523611438219,262144,125,-56,-1,-1,0
1523611438219,655360,125,-56,-1,-1,0
1523611438219,393216,125,-56,-1,-1,0
1523611438258,-131072,125,-56,-1,-1,0
1523611438258,-458752,125,-56,-1,-1,0
1523611438258,-655360,125,-56,-1,-1,0
1523611438258,-786432,125,-56,-1,-1,0
1523611438258,-1048576,125,-56,-1,-1,0
1523611438299,-327680,125,-56,-1,-1,0
1523611438299,1310720,125,-56,-1,-1,0
1523611438299,5439488,125,-56,-1,-1,0
1523611438299,10289152,125,-56,-1,-1,0
1523611438299,10878976,125,-56,-1,-1,0
1523611438339,5308416,125,-56,-1,-1,0
1523611438339,-262144,125,-56,-1,-1,0
1523611438339,-1638400,125,-56,-1,-1,0
1523611438339,-327680,125,-56,-1,-1,0
1523611438339,393216,125,-56,-1,-1,0
1523611438379,-393216,125,-56,-1,-1,0
1523611438379,-1048576,125,-56,-1,-1,0
1523611438379,-1245184,125,-56,-1,-1,0
1523611438379,-786432,125,-56,-1,-1,0
1523611438379,-1376256,125,-56,-1,-1,0
1523611438418,-1638400,125,-56,-1,-1,0
1523611438418,-1245184,125,-56,-1,-1,0
1523611438418,-131072,125,-56,-1,-1,0
1523611438418,65536,125,-56,-1,-1,0
1523611438418,131072,125,-56,-1,-1,0
1523611438459,393216,125,-56,-1,-1,0
1523611438459,458752,125,-56,-1,-1,0
1523611438459,786432,125,-56,-1,-1,0
1523611438459,983040,125,-56,-1,-1,0
1523611438459,1114112,125,-56,-1,-1,0
1523611438499,1048576,125,-56,-1,-1,0
1523611438499,917504,125,-56,-1,-1,0
1523611438499,786432,125,-56,-1,-1,0
1523611438499,589824,125,-56,-1,-1,0
1523611438499,524288,125,-56,-1,-1,0
1523611438539,327680,125,-56,-1,-1,0
1523611438539,0,125,-56,-1,-1,0
1523611438539,-327680,125,-56,-1,-1,0
1523611438539,-589824,125,-56,-1,-1,0
1523611438539,-983040,125,-56,-1,-1,0
1523611438579,-1507328,125,-56,-1,-1,0
1523611438579,-1769472,125,-56,-1,-1,0
1523611438579,-1966080,125,-56,-1,-1,0
1523611438579,-2097152,125,-56,-1,-1,0
1523611438579,-2097152,125,-56,-1,-1,0
1523611438619,-2162688,125,-56,-1,-1,0
1523611438619,-2162688,125,-56,-1,-1,0
1523611438619,-2162688,125,-56,-1,-1,0
1523611438619,-2031616,125,-56,-1,-1,0
1523611438619,-1966080,125,-56,-1,-1,0
1523611438659,-1703936,125,-56,-1,-1,0
1523611438659,-1376256,125,-56,-1,-1,0
1523611438659,-1245184,125,-56,-1,-1,0
1523611438659,-1310720,125,-56,-1,-1,0
1523611438659,-1310720,125,-56,-1,-1,0
1523611438700,-1114112,125,-56,-1,-1,0
1523611438700,-917504,125,-56,-1,-1,0
1523611438700,-655360,125,-56,-1,-1,0
1523611438700,-327680,125,-56,-1,-1,0
1523611438700,0,125,-56,-1,-1,0
1523611438739,65536,125,-56,-1,-1,0
1523611438739,-196608,125,-56,-1,-1,0
1523611438739,-655360,125,-56,-1,-1,0
1523611438739,-393216,125,-56,-1,-1,0
1523611438739,589824,125,-56,-1,-1,0
1523611438779,1769472,125,-56,-1,-1,0
1523611438779,3604480,125,-56,-1,-1,0
1523611438779,7274496,125,-56,-1,-1,0
1523611438779,12189696,125,-56,-1,-1,0
1523611438779,12582912,125,-56,-1,-1,0
1523611438819,6750208,125,-56,-1,-1,0
1523611438819,720896,125,-56,-1,-1,0
1523611438819,-655360,125,-56,-1,-1,0
1523611438819,0,125,-56,-1,-1,0
1523611438819,393216,125,-56,-1,-1,0
1523611438859,655360,125,-56,-1,-1,0
1523611438859,1048576,125,-56,-1,-1,0
1523611438859,1507328,125,-56,-1,-1,0
1523611438859,1835008,125,-56,-1,-1,0
1523611438859,1703936,125,-56,-1,-1,0
1523611438900,1441792,125,-56,-1,-1,0
1523611438900,1245184,125,-56,-1,-1,0
1523611438900,917504,125,-56,-1,-1,0
1523611438900,458752,125,-56,-1,-1,0
1523611438900,524288,125,-56,-1,-1,0
1523611438939,786432,125,-56,-1,-1,0
1523611438939,917504,125,-56,-1,-1,0
1523611438939,1048576,125,-56,-1,-1,0
1523611438939,1245184,125,-56,-1,-1,0
1523611438939,1179648,125,-56,-1,-1,0
1523611438979,1376256,125,-56,-1,-1,0
1523611438979,1310720,125,-56,-1,-1,0
1523611438979,1114112,125,-56,-1,-1,0
1523611438979,917504,125,-56,-1,-1,0
1523611438979,917504,125,-56,-1,-1,0
1523611439019,655360,125,-56,-1,-1,0
1523611439019,655360,125,-56,-1,-1,0
1523611439019,524288,125,-56,-1,-1,0
1523611439019,196608,125,-56,-1,-1,0
1523611439019,-131072,125,-56,-1,-1,0
1523611439059,-196608,125,-56,-1,-1,0
1523611439059,-196608,125,-56,-1,-1,0
1523611439059,-458752,125,-56,-1,-1,0
1523611439059,-720896,125,-56,-1,-1,0
1523611439059,-917504,125,-56,-1,-1,0
1523611439099,-720896,125,-56,-1,-1,0
1523611439099,-655360,125,-56,-1,-1,0
1523611439099,-720896,125,-56,-1,-1,0
1523611439099,-983040,125,-56,-1,-1,0
1523611439099,-1048576,125,-56,-1,-1,0
1523611439139,-851968,125,-56,-1,-1,0
1523611439139,0,125,-56,-1,-1,0
1523611439139,-65536,125,-56,-1,-1,0
1523611439139,-1048576,125,-56,-1,-1,0
1523611439139,-1507328,125,-56,-1,-1,0
1523611439180,-1179648,125,-56,-1,-1,0
1523611439180,-851968,125,-56,-1,-1,0
1523611439180,-1179648,125,-56,-1,-1,0
1523611439180,-1638400,125,-56,-1,-1,0
1523611439180,-1376256,125,-56,-1,-1,0
1523611439219,-1048576,125,-56,-1,-1,0
1523611439219,-983040,125,-56,-1,-1,0
1523611439219,-1114112,125,-56,-1,-1,0
1523611439219,-1245184,125,-56,-1,-1,0
1523611439219,-1769472,125,-56,-1,-1,0
1523611439260,-1835008,125,-56,-1,-1,0
1523611439260,-1179648,125,-56,-1,-1,0
1523611439260,524288,125,-56,-1,-1,0
1523611439260,4063232,125,-56,-1,-1,0
1523611439260,8716288,125,-56,-1,-1,0
1523611439299,9306112,125,-56,-1,-1,0
1523611439299,4194304,125,-56,-1,-1,0
1523611439299,-983040,125,-56,-1,-1,0
1523611439299,-1900544,125,-56,-1,-1,0
1523611439299,-917504,125,-56,-1,-1,0
1523611439341,-393216,125,-56,-1,-1,0
1523611439341,-786432,125,-56,-1,-1,0
1523611439341,-720896,125,-56,-1,-1,0
1523611439341,-393216,125,-56,-1,-1,0
1523611439341,-458752,125,-56,-1,-1,0
1523611439379,-524288,125,-56,-1,-1,0
1523611439379,-458752,125,-56,-1,-1,0
1523611439379,-262144,125,-56,-1,-1,0
1523611439379,-65536,125,-56,-1,-1,0
1523611439379,65536,125,-56,-1,-1,0
1523611439419,131072,125,-56,-1,-1,0
1523611439419,262144,125,-56,-1,-1,0
1523611439419,720896,125,-56,-1,-1,0
1523611439419,720896,125,-56,-1,-1,0
1523611439419,917504,125,-56,-1,-1,0
1523611439459,1048576,125,-56,-1,-1,0
1523611439459,1572864,125,-56,-1,-1,0
1523611439459,1703936,125,-56,-1,-1,0
1523611439459,1310720,125,-56,-1,-1,0
1523611439459,655360,125,-56,-1,-1,0
1523611439499,393216,125,-56,-1,-1,0
1523611439499,851968,125,-56,-1,-1,0
1523611439499,1048576,125,-56,-1,-1,0
1523611439499,917504,125,-56,-1,-1,0
1523611439499,720896,125,-56,-1,-1,0
1523611439539,589824,125,-56,-1,-1,0
1523611439539,-65536,125,-56,-1,-1,0
1523611439539,-131072,125,-56,-1,-1,0
1523611439539,196608,125,-56,-1,-1,0
1523611439539,524288,125,-56,-1,-1,0
1523611439579,0,125,-56,-1,-1,0
1523611439579,0,125,-56,-1,-1,0
1523611439579,0,125,-56,-1,-1,0
1523611439579,327680,125,-56,-1,-1,0
1523611439579,-65536,125,-56,-1,-1,0
1523611439619,0,125,-56,-1,-1,0
1523611439619,0,125,-56,-1,-1,0
1523611439619,262144,125,-56,-1,-1,0
1523611439619,131072,125,-56,-1,-1,0
1523611439619,524288,125,-56,-1,-1,0
1523611439659,327680,125,-56,-1,-1,0
1523611439659,196608,125,-56,-1,-1,0
1523611439659,-131072,125,-56,-1,-1,0
1523611439659,0,125,-56,-1,-1,0
1523611439659,65536,125,-56,-1,-1,0
1523611439699,-196608,125,-56,-1,-1,0
1523611439699,-327680,125,-56,-1,-1,0
1523611439699,-589824,125,-56,-1,-1,0
1523611439699,-786432,125,-56,-1,-1,0
1523611439699,-589824,125,-56,-1,-1,0
1523611439739,-655360,125,-56,-1,-1,0
1523611439739,-327680,125,-56,-1,-1,0
1523611439739,196608,125,-56,-1,-1,0
1523611439739,3276800,125,-56,-1,-1,0
1523611439739,7864320,125,-56,-1,-1,0
1523611439779,10158080,125,-56,-1,-1,0
1523611439779,5832704,125,-56,-1,-1,0
1523611439779,-196608,125,-56,-1,-1,0
1523611439779,-2424832,125,-56,-1,-1,0
1523611439779,-1572864,125,-56,-1,-1,0
1523611439819,-851968,125,-56,-1,-1,0
1523611439819,-720896,125,-56,-1,-1,0
1523611439819,-720896,125,-56,-1,-1,0
1523611439819,-1114112,125,-56,-1,-1,0
1523611439819,-1310720,125,-56,-1,-1,0
