1523621376506,5185
1523621376542,5190
1523621376564,5190
1523621376594,5195
1523621376625,5200
1523621376657,5200
1523621376690,5205
1523621376728,5210
1523621376775,5215
1523621376806,5220
1523621376849,5225
1523621376870,5230
1523621376915,5235
1523621376947,5240
1523621376977,5240
1523621377010,5245
1523621377041,5250
1523621377072,5255
1523621377118,5260
1523621377148,5265
1523621377180,5270
1523621377204,5270
1523621377236,5275
1523621377265,5280
1523621377309,5285
1523621377349,5290
1523621377386,5295
1523621377411,5295
1523621377441,5300
1523621377472,5305
1523621377525,5310
1523621377545,5315
1523621377581,5320
1523621377606,5320
1523621377637,5325
1523621377678,5330
1523621377729,5335
1523621377751,5340
1523621377776,5340
1523621377809,5345
1523621377840,5350
1523621377873,5355
1523621377914,5360
1523621377936,5360
1523621377972,5365
1523621378005,5370
1523621378052,5375
1523621378080,5380
1523621378105,5385
1523621378151,5390
1523621378182,5395
1523621378215,5395
1523621378240,5400
1523621378273,5405
1523621378318,5410
1523621378337,5410
1523621378373,5415
1523621378412,5420
1523621378447,5425
1523621378465,5430
1523621378498,5435
1523621378554,5440
1523621378577,5445
1523621378615,5445
1523621378640,5450
1523621378678,5455
1523621378705,5460
1523621378737,5465
1523621378770,5465
1523621378801,5470
1523621378833,5475
1523621378866,5480
1523621378910,5485
1523621378944,5490
1523621378977,5490
1523621379008,5495
1523621379040,5500
1523621379082,5505
1523621379113,5510
1523621379137,5515
1523621379186,5520
1523621379206,5520
1523621379242,5525
1523621379267,5530
1523621379322,5535
1523621379344,5540
1523621379394,5545
1523621379414,5545
1523621379446,5550
1523621379472,5555
1523621379520,5560
1523621379537,5560
1523621379581,5570
1523621379607,5570
1523621379636,5575
1523621379665,5580
1523621379710,5585
1523621379763,5590
1523621379790,5595
1523621379820,5600
1523621379840,5600
1523621379891,5605
1523621379916,5610
1523621379948,5615
1523621379975,5615
1523621380010,5620
1523621380035,5625
1523621380078,5630
1523621380109,5635
1523621380162,5640
1523621380179,5645
1523621380215,5645
1523621380256,5650
1523621380277,5655
1523621380311,5660
1523621380337,5660
1523621380381,5670
1523621380402,5670
1523621380437,5675
1523621380467,5680
1523621380508,5685
1523621380562,5690
1523621380580,5695
1523621380609,5695
1523621380644,5700
1523621380682,5705
1523621380711,5710
1523621380736,5710
1523621380784,5720
1523621380806,5720
1523621380835,5725
1523621380875,5730
1523621380910,5735
1523621380944,5740
1523621380977,5740
1523621381015,5745
1523621381041,5750
1523621381073,5755
1523621381112,5760
1523621381136,5760
1523621381175,5765
1523621381202,5770
1523621381235,5775
1523621381267,5780
1523621381300,5785
1523621381344,5790
1523621381377,5795
1523621381409,5795
1523621381440,5800
1523621381482,5805
1523621381504,5810
1523621381538,5815
1523621381584,5820
1523621381606,5820
1523621381633,5825
1523621381667,5830
1523621381709,5835
1523621381745,5840
1523621381778,5845
1523621381815,5845
1523621381851,5850
1523621381872,5855
1523621381905,5860
1523621381945,5865
1523621381974,5865
1523621382006,5870
1523621382035,5875
1523621382067,5880
1523621382100,5885
1523621382152,5890
1523621382180,5895
1523621382209,5895
1523621382240,5900
1523621382272,5905
1523621382307,5910
1523621382353,5915
1523621382376,5915
1523621382402,5920
1523621382447,5925
1523621382467,5930
1523621382503,5935
1523621382544,5940
1523621382601,5945
1523621382619,5950
1523621382646,5950
1523621382673,5955
1523621382704,5960
1523621382736,5960
1523621382770,5965
1523621382801,5970
1523621382834,5975
1523621382876,5980
1523621382899,5985
1523621382949,5990
1523621382977,5990
1523621383010,5995
1523621383040,6000
1523621383072,6005
1523621383117,6010
1523621383145,6015
1523621383184,6020
1523621383204,6020
1523621383234,6025
1523621383278,6030
1523621383302,6035
1523621383344,6040
1523621383378,6040
1523621383415,6045
1523621383442,6050
1523621383478,6055
1523621383505,6060
1523621383537,6060
1523621383585,6070
1523621383606,6070
1523621383633,6075
1523621383677,6080
1523621383699,6085
1523621383749,6090
1523621383798,6095
1523621383819,6100
1523621383841,6100
1523621383873,6105
1523621383909,6110
1523621383942,6115
1523621383985,6120
1523621384007,6120
1523621384035,6125
1523621384069,6130
1523621384111,6135
1523621384144,6140
1523621384176,6140
1523621384209,6145
1523621384240,6150
1523621384274,6155
1523621384322,6160
1523621384337,6165
1523621384378,6165
1523621384405,6170
1523621384434,6175
1523621384475,6180
1523621384498,6185
1523621384551,6190
1523621384577,6195
1523621384620,6200
1523621384646,6200
1523621384672,6205
1523621384732,6210
1523621384751,6215
1523621384780,6220
1523621384805,6220
1523621384837,6225
1523621384872,6230
1523621384898,6235
1523621384949,6240
1523621384977,6245
1523621385009,6245
1523621385052,6250
1523621385083,6255
1523621385114,6260
1523621385138,6265
1523621385176,6265
1523621385201,6270
1523621385234,6275
1523621385266,6280
1523621385309,6285
1523621385358,6290
1523621385384,6295
1523621385409,6295
1523621385440,6300
1523621385472,6305
1523621385520,6310
1523621385544,6315
1523621385581,6320
1523621385612,6320
1523621385633,6325
1523621385670,6330
1523621385709,6335
1523621385763,6340
1523621385783,6345
1523621385818,6350
1523621385847,6350
1523621385872,6355
1523621385905,6360
1523621385942,6365
1523621385982,6370
1523621386005,6370
1523621386034,6375
1523621386066,6380
1523621386110,6385
1523621386156,6390
1523621386177,6395
1523621386214,6395
1523621386242,6400
1523621386278,6405
1523621386312,6410
1523621386343,6415
1523621386374,6415
1523621386418,6425
1523621386436,6425
1523621386466,6430
1523621386511,6435
1523621386544,6440
1523621386592,6445
1523621386616,6445
1523621386640,6450
1523621386678,6455
1523621386704,6460
1523621386745,6465
1523621386780,6470
1523621386809,6470
1523621386847,6475
1523621386879,6480
1523621386909,6485
1523621386945,6490
1523621386976,6490
1523621387009,6495
1523621387040,6500
1523621387072,6505
1523621387117,6510
1523621387154,6515
1523621387175,6515
1523621387205,6520
1523621387242,6525
1523621387282,6530
1523621387302,6535
1523621387352,6540
1523621387398,6545
1523621387417,6545
1523621387443,6550
1523621387476,6555
1523621387514,6560
1523621387538,6565
1523621387580,6570
1523621387602,6570
1523621387634,6575
1523621387667,6580
1523621387711,6585
1523621387751,6590
1523621387790,6595
1523621387811,6595
1523621387847,6600
1523621387877,6605
1523621387917,6610
1523621387944,6615
1523621387973,6615
1523621388002,6620
1523621388035,6625
1523621388066,6630
1523621388098,6635
1523621388157,6640
1523621388190,6645
1523621388219,6650
1523621388241,6650
1523621388274,6655
1523621388322,6660
1523621388337,6660
1523621388373,6665
1523621388401,6670
1523621388433,6675
1523621388473,6680
1523621388498,6685
1523621388559,6690
1523621388583,6695
1523621388612,6695
1523621388641,6700
1523621388673,6705
1523621388705,6710
1523621388743,6715
1523621388774,6715
1523621388804,6720
1523621388833,6725
1523621388878,6730
1523621388912,6735
1523621388952,6740
1523621388990,6745
1523621389012,6745
1523621389050,6750
1523621389075,6755
1523621389109,6760
1523621389138,6765
1523621389180,6770
1523621389209,6770
1523621389238,6775
1523621389266,6780
1523621389304,6785
1523621389358,6790
1523621389378,6795
1523621389411,6795
1523621389441,6800
1523621389473,6805
1523621389505,6810
1523621389542,6815
1523621389570,6815
1523621389601,6820
1523621389633,6825
1523621389678,6830
1523621389700,6835
1523621389744,6840
1523621389777,6840
1523621389809,6845
1523621389841,6850
1523621389873,6855
1523621389908,6860
1523621389951,6865
1523621389973,6865
1523621390001,6870
1523621390033,6875
1523621390071,6880
1523621390103,6885
1523621390147,6890
1523621390177,6890
1523621390213,6895
1523621390241,6900
1523621390273,6905
1523621390313,6910
1523621390341,6915
1523621390376,6915
1523621390413,6920
1523621390434,6925
1523621390466,6930
1523621390498,6935
1523621390557,6940
1523621390587,6945
1523621390610,6945
1523621390647,6950
1523621390673,6955
1523621390705,6960
1523621390757,6965
1523621390775,6965
1523621390810,6970
1523621390848,6975
1523621390869,6980
1523621390898,6985
1523621390949,6990
1523621390988,6995
1523621391009,6995
1523621391040,7000
1523621391072,7005
1523621391114,7010
1523621391141,7015
1523621391175,7015
1523621391202,7020
1523621391236,7025
1523621391286,7030
1523621391301,7035
1523621391345,7040
1523621391377,7045
1523621391411,7045
1523621391447,7050
1523621391473,7055
1523621391511,7060
1523621391537,7060
1523621391585,7070
1523621391605,7070
1523621391633,7075
1523621391685,7080
1523621391701,7085
1523621391757,7090
1523621391783,7095
1523621391812,7095
1523621391841,7100
1523621391878,7105
1523621391920,7110
1523621391937,7110
1523621391988,7120
1523621392008,7120
1523621392048,7125
1523621392066,7130
1523621392111,7135
1523621392162,7140
1523621392180,7145
1523621392210,7145
1523621392246,7150
1523621392278,7155
1523621392314,7160
1523621392341,7165
1523621392375,7165
1523621392405,7170
1523621392434,7175
1523621392485,7180
1523621392512,7185
1523621392549,7190
1523621392590,7195
1523621392610,7195
1523621392641,7200
1523621392673,7205
1523621392717,7210
1523621392737,7210
1523621392780,7220
1523621392806,7220
1523621392833,7225
1523621392885,7230
1523621392900,7235
1523621392956,7240
1523621392989,7245
1523621393015,7245
1523621393041,7250
1523621393073,7255
1523621393123,7260
1523621393151,7265
1523621393182,7270
1523621393204,7270
1523621393234,7275
1523621393270,7280
1523621393302,7285
1523621393346,7290
1523621393379,7295
1523621393411,7295
1523621393441,7300
1523621393473,7305
1523621393523,7310
1523621393540,7315
1523621393581,7320
1523621393605,7320
1523621393637,7325
1523621393675,7330
1523621393698,7335
1523621393760,7340
1523621393788,7345
1523621393815,7345
1523621393842,7350
1523621393873,7355
1523621393928,7360
1523621393951,7365
1523621393980,7370
1523621394005,7370
1523621394037,7375
1523621394077,7380
1523621394109,7385
1523621394156,7390
1523621394191,7395
1523621394210,7395
1523621394242,7400
1523621394273,7405
1523621394306,7410
1523621394336,7410
1523621394377,7420
1523621394406,7420
1523621394450,7425
1523621394473,7430
1523621394498,7435
1523621394557,7440
1523621394577,7445
1523621394610,7445
1523621394641,7450
1523621394674,7455
1523621394705,7460
1523621394743,7465
1523621394772,7465
1523621394801,7470
1523621394844,7475
1523621394877,7480
1523621394909,7485
1523621394954,7490
1523621394984,7495
1523621395010,7495
1523621395049,7500
1523621395090,7505
1523621395107,7510
1523621395137,7510
1523621395184,7520
1523621395209,7520
1523621395247,7525
1523621395266,7530
1523621395325,7535
1523621395345,7540
1523621395377,7540
1523621395410,7545
1523621395457,7550
1523621395478,7555
1523621395517,7560
1523621395538,7565
1523621395586,7570
1523621395606,7570
1523621395645,7575
1523621395673,7580
1523621395713,7585
1523621395758,7590
1523621395788,7595
1523621395810,7595
1523621395848,7600
1523621395874,7605
1523621395921,7610
1523621395941,7615
1523621395973,7615
1523621396014,7620
1523621396043,7625
1523621396067,7630
1523621396098,7635
1523621396146,7640
1523621396184,7645
1523621396210,7645
1523621396241,7650
1523621396273,7655
1523621396306,7660
1523621396346,7665
1523621396382,7670
1523621396408,7670
1523621396451,7675
1523621396466,7680
1523621396498,7685
1523621396556,7690
1523621396588,7695
1523621396619,7700
1523621396641,7700
1523621396673,7705
1523621396719,7710
1523621396737,7715
1523621396774,7715
1523621396803,7720
1523621396833,7725
1523621396872,7730
1523621396910,7735
1523621396944,7740
1523621396977,7740
1523621397010,7745
1523621397044,7750
1523621397073,7755
1523621397106,7760
1523621397143,7765
1523621397174,7765
1523621397213,7770
1523621397238,7775
1523621397269,7780
1523621397307,7785
1523621397354,7790
1523621397378,7795
1523621397414,7795
1523621397448,7800
1523621397477,7805
1523621397516,7810
1523621397537,7815
1523621397584,7820
1523621397602,7820
1523621397634,7825
1523621397679,7830
1523621397698,7835
1523621397744,7840
1523621397782,7845
1523621397814,7845
1523621397841,7850
1523621397879,7855
1523621397905,7860
1523621397937,7865
1523621397974,7865
1523621398001,7870
1523621398034,7875
1523621398072,7880
1523621398115,7885
1523621398145,7890
1523621398177,7890
1523621398210,7895
1523621398241,7900
1523621398273,7905
1523621398311,7910
1523621398338,7915
1523621398371,7915
1523621398405,7920
1523621398434,7925
1523621398469,7930
1523621398507,7935
1523621398555,7940
1523621398584,7945
1523621398610,7945
1523621398641,7950
1523621398673,7955
1523621398716,7960
1523621398738,7965
1523621398774,7965
1523621398811,7970
1523621398835,7975
1523621398886,7980
1523621398906,7985
1523621398946,7990
1523621398978,7995
1523621399025,8000
1523621399046,8000
1523621399073,8005
1523621399127,8010
1523621399146,8015
1523621399174,8015
1523621399206,8020
1523621399248,8025
1523621399274,8030
1523621399299,8035
1523621399345,8040
1523621399397,8045
1523621399419,8050
1523621399441,8050
1523621399476,8055
1523621399505,8060
1523621399537,8060
1523621399574,8065
1523621399605,8070
1523621399635,8075
1523621399669,8080
1523621399711,8085
1523621399745,8090
1523621399778,8095
1523621399810,8095
1523621399842,8100
1523621399873,8105
1523621399909,8110
1523621399937,8115
1523621399974,8115
1523621400010,8120
1523621400034,8125
1523621400066,8130
1523621400109,8135
1523621400150,8140
1523621400185,8145
1523621400211,8145
1523621400247,8150
1523621400280,8155
1523621400312,8160
1523621400337,8165
1523621400374,8165
1523621400404,8170
1523621400434,8175
1523621400469,8180
1523621400498,8185
1523621400545,8190
1523621400580,8195
1523621400610,8195
1523621400648,8200
1523621400681,8205
1523621400713,8210
1523621400738,8215
1523621400775,8215
1523621400805,8220
1523621400833,8225
1523621400881,8230
1523621400902,8235
1523621400950,8240
1523621400984,8245
1523621401016,8245
1523621401046,8250
1523621401085,8255
1523621401116,8260
1523621401147,8265
1523621401178,8270
1523621401205,8270
1523621401244,8275
1523621401277,8280
1523621401299,8285
1523621401345,8290
1523621401377,8295
1523621401427,8300
1523621401452,8300
1523621401475,8305
1523621401519,8310
1523621401539,8315
1523621401575,8315
1523621401605,8320
1523621401648,8325
1523621401666,8330
1523621401710,8335
1523621401749,8340
1523621401777,8345
1523621401810,8345
1523621401842,8350
1523621401878,8355
1523621401915,8360
1523621401937,8365
1523621401976,8365
1523621402017,8375
1523621402036,8375
1523621402066,8380
1523621402102,8385
1523621402134,8385
1523621402183,8395
1523621402212,8395
1523621402241,8400
1523621402274,8405
1523621402318,8410
1523621402346,8415
1523621402381,8420
1523621402403,8420
1523621402436,8425
1523621402470,8430
1523621402504,8435
1523621402560,8440
1523621402578,8445
1523621402610,8445
1523621402641,8450
1523621402673,8455
1523621402724,8460
1523621402745,8465
1523621402782,8470
1523621402802,8470
1523621402835,8475
1523621402871,8480
1523621402915,8485
1523621402971,8490
1523621402988,8495
1523621403010,8495
1523621403047,8500
1523621403073,8505
1523621403108,8510
1523621403137,8515
1523621403175,8515
1523621403206,8520
1523621403247,8525
1523621403280,8530
1523621403314,8535
1523621403354,8540
1523621403378,8545
1523621403410,8545
1523621403441,8550
1523621403473,8555
1523621403506,8560
1523621403548,8565
1523621403574,8565
1523621403601,8570
1523621403634,8575
1523621403670,8580
1523621403708,8585
1523621403760,8590
1523621403778,8595
1523621403810,8595
1523621403841,8600
1523621403873,8605
1523621403911,8610
1523621403941,8615
1523621403971,8615
1523621404002,8620
1523621404034,8625
1523621404079,8630
1523621404102,8635
1523621404169,8640
1523621404187,8645
1523621404219,8650
1523621404242,8650
1523621404280,8655
1523621404307,8660
1523621404337,8665
1523621404371,8665
1523621404413,8670
1523621404449,8675
1523621404471,8680
1523621404510,8685
1523621404554,8690
1523621404579,8695
1523621404610,8695
1523621404646,8700
1523621404673,8705
1523621404711,8710
1523621404748,8715
1523621404778,8720
1523621404807,8720
1523621404833,8725
1523621404869,8730
1523621404915,8735
1523621404945,8740
1523621404989,8745
1523621405012,8745
1523621405042,8750
1523621405079,8755
1523621405110,8760
1523621405143,8765
1523621405175,8765
1523621405205,8770
1523621405242,8775
1523621405280,8780
1523621405301,8785
1523621405346,8790
1523621405380,8795
1523621405416,8795
1523621405447,8800
1523621405474,8805
1523621405508,8810
1523621405544,8815
1523621405575,8815
1523621405612,8820
1523621405652,8825
1523621405673,8830
1523621405699,8835
1523621405752,8840
1523621405784,8845
1523621405821,8850
1523621405850,8850
1523621405873,8855
1523621405911,8860
1523621405948,8865
1523621405981,8870
1523621406001,8870
1523621406034,8875
1523621406070,8880
1523621406104,8885
1523621406131,8885
1523621406184,8895
1523621406211,8895
1523621406249,8900
1523621406275,8905
1523621406316,8910
1523621406343,8915
1523621406381,8920
1523621406401,8920
1523621406434,8925
1523621406466,8930
1523621406502,8935
1523621406534,8935
1523621406584,8945
1523621406612,8945
1523621406648,8950
1523621406675,8955
1523621406711,8960
1523621406743,8965
1523621406771,8965
1523621406801,8970
1523621406833,8975
1523621406877,8980
1523621406907,8985
1523621406952,8990
1523621406982,8995
1523621407014,8995
1523621407043,9000
1523621407081,9005
1523621407111,9010
1523621407151,9015
1523621407182,9020
1523621407201,9020
1523621407234,9025
1523621407277,9030
1523621407304,9035
1523621407330,9035
1523621407384,9045
1523621407410,9045
1523621407453,9050
1523621407478,9055
1523621407513,9060
1523621407551,9065
1523621407598,9070
1523621407613,9070
1523621407634,9075
1523621407683,9080
1523621407710,9085
1523621407764,9090
1523621407800,9095
1523621407819,9100
1523621407857,9105
1523621407877,9105
1523621407906,9110
1523621407940,9115
1523621407973,9115
1523621408002,9120
1523621408035,9125
1523621408067,9130
1523621408111,9135
1523621408142,9140
1523621408183,9145
1523621408210,9145
1523621408242,9150
1523621408286,9155
1523621408315,9160
1523621408338,9165
1523621408375,9165
1523621408416,9170
1523621408447,9175
1523621408477,9180
1523621408498,9185
1523621408530,9185
1523621408592,9195
1523621408610,9195
1523621408647,9200
1523621408679,9205
1523621408720,9210
1523621408738,9215
1523621408786,9220
1523621408807,9220
1523621408836,9225
1523621408872,9230
1523621408900,9235
1523621408930,9235
1523621408999,9245
1523621409019,9250
1523621409048,9250
1523621409079,9255
1523621409112,9260
1523621409138,9265
1523621409175,9265
1523621409201,9270
1523621409240,9275
1523621409278,9280
1523621409298,9285
1523621409330,9285
1523621409385,9295
1523621409410,9295
1523621409441,9300
1523621409473,9305
1523621409517,9310
1523621409549,9315
1523621409581,9320
1523621409606,9320
1523621409635,9325
1523621409678,9330
1523621409702,9335
1523621409731,9335
1523621409778,9345
1523621409819,9350
1523621409847,9350
1523621409892,9355
1523621409918,9360
1523621409949,9365
1523621409980,9370
1523621410006,9370
1523621410034,9375
1523621410074,9380
1523621410110,9385
1523621410132,9385
1523621410185,9395
1523621410212,9395
1523621410242,9400
1523621410274,9405
1523621410312,9410
1523621410338,9415
1523621410372,9415
1523621410415,9420
1523621410434,9425
1523621410479,9430
1523621410499,9435
1523621410560,9440
1523621410578,9445
1523621410619,9450
1523621410642,9450
1523621410674,9455
1523621410707,9460
1523621410737,9465
1523621410783,9470
1523621410804,9470
1523621410837,9475
1523621410866,9480
1523621410909,9485
1523621410934,9485
1523621410984,9495
1523621411016,9495
1523621411058,9505
1523621411078,9505
1523621411106,9510
1523621411138,9515
1523621411170,9515
1523621411201,9520
1523621411234,9525
1523621411284,9530
1523621411301,9535
1523621411350,9540
1523621411380,9545
1523621411418,9550
1523621411444,9550
1523621411479,9555
1523621411512,9560
1523621411538,9565
1523621411579,9570
1523621411614,9570
1523621411644,9575
1523621411683,9580
1523621411699,9585
1523621411747,9590
1523621411778,9595
1523621411811,9595
1523621411842,9600
1523621411882,9605
1523621411918,9610
1523621411941,9615
1523621411990,9620
1523621412006,9620
1523621412035,9625
1523621412066,9630
1523621412098,9635
1523621412159,9640
1523621412179,9645
1523621412211,9645
1523621412242,9650
1523621412276,9655
1523621412307,9660
1523621412337,9665
1523621412381,9670
1523621412412,9670
1523621412442,9675
1523621412470,9680
1523621412501,9685
1523621412535,9685
1523621412578,9695
1523621412611,9695
1523621412642,9700
1523621412681,9705
1523621412719,9710
1523621412745,9715
1523621412781,9720
1523621412814,9720
1523621412835,9725
1523621412883,9730
1523621412909,9735
1523621412941,9740
1523621412978,9745
1523621413011,9745
1523621413042,9750
1523621413074,9755
1523621413107,9760
1523621413140,9765
1523621413183,9770
1523621413208,9770
1523621413248,9775
1523621413266,9780
1523621413298,9785
1523621413347,9790
1523621413378,9795
1523621413411,9795
1523621413442,9800
1523621413480,9805
1523621413508,9810
1523621413561,9815
1523621413581,9820
1523621413607,9820
1523621413661,9830
1523621413676,9830
1523621413711,9835
1523621413731,9835
1523621413787,9845
1523621413812,9845
1523621413848,9850
1523621413875,9855
1523621413914,9860
1523621413945,9865
1523621413983,9870
1523621414009,9870
1523621414040,9875
1523621414072,9880
1523621414099,9885
1523621414143,9890
1523621414178,9895
1523621414216,9895
1523621414243,9900
1523621414274,9905
1523621414313,9910
1523621414339,9915
1523621414376,9915
1523621414407,9920
1523621414449,9925
1523621414484,9930
1523621414501,9935
1523621414531,9935
1523621414586,9945
1523621414614,9945
1523621414642,9950
1523621414674,9955
1523621414724,9960
1523621414749,9965
1523621414785,9970
1523621414809,9970
1523621414850,9975
1523621414869,9980
1523621414907,9985
1523621414935,9985
1523621414985,9995
1523621415012,9995
1523621415042,10000
1523621415083,10005
1523621415114,10010
1523621415138,10015
1523621415174,10015
1523621415206,10020
1523621415235,10025
1523621415268,10030
1523621415300,10035
1523621415334,10035
1523621415378,10045
1523621415411,10045
1523621415442,10050
1523621415480,10055
1523621415513,10060
1523621415542,10065
1523621415579,10070
1523621415606,10070
1523621415634,10075
1523621415678,10080
1523621415712,10085
1523621415754,10090
1523621415778,10095
1523621415810,10095
1523621415842,10100
1523621415874,10105
1523621415925,10110
1523621415945,10115
1523621415970,10115
1523621416001,10120
1523621416048,10125
1523621416077,10130
1523621416100,10135
1523621416135,10135
1523621416180,10145
1523621416210,10145
1523621416242,10150
1523621416274,10155
1523621416320,10160
1523621416339,10165
1523621416387,10170
1523621416415,10170
1523621416435,10175
1523621416482,10180
1523621416505,10185
1523621416532,10185
1523621416588,10195
1523621416611,10195
1523621416642,10200
1523621416674,10205
1523621416719,10210
1523621416749,10215
1523621416784,10220
1523621416820,10225
1523621416852,10225
1523621416874,10230
1523621416899,10235
1523621416931,10235
1523621416985,10245
1523621417021,10250
1523621417043,10250
1523621417079,10255
1523621417106,10260
1523621417144,10265
1523621417177,10270
1523621417204,10270
1523621417246,10275
1523621417266,10280
1523621417299,10285
1523621417340,10290
1523621417378,10295
1523621417412,10295
1523621417443,10300
1523621417480,10305
1523621417515,10310
1523621417538,10315
1523621417574,10315
1523621417614,10320
1523621417639,10325
1523621417679,10330
1523621417703,10335
1523621417735,10335
1523621417791,10345
1523621417811,10345
1523621417851,10350
1523621417883,10355
1523621417906,10360
1523621417944,10365
1523621417982,10370
1523621418013,10370
1523621418034,10375
1523621418077,10380
1523621418105,10385
1523621418133,10385
1523621418184,10395
1523621418211,10395
1523621418242,10400
1523621418276,10405
1523621418308,10410
1523621418338,10415
1523621418371,10415
1523621418416,10420
1523621418447,10425
1523621418468,10430
1523621418502,10435
1523621418535,10435
1523621418597,10445
1523621418618,10450
1523621418643,10450
1523621418684,10455
1523621418720,10460
1523621418740,10465
1523621418781,10470
1523621418806,10470
1523621418852,10475
1523621418871,10480
1523621418900,10485
1523621418931,10485
1523621418978,10495
1523621419011,10495
1523621419046,10500
1523621419075,10505
1523621419118,10510
1523621419139,10515
1523621419182,10520
1523621419213,10520
1523621419245,10525
1523621419267,10530
1523621419299,10535
1523621419331,10535
1523621419380,10545
1523621419411,10545
1523621419442,10550
1523621419474,10555
1523621419526,10560
1523621419547,10560
1523621419573,10565
1523621419601,10570
1523621419660,10580
1523621419675,10580
1523621419711,10585
1523621419731,10585
1523621419782,10595
1523621419811,10595
1523621419842,10600
1523621419874,10605
1523621419914,10610
1523621419938,10615
1523621419987,10620
1523621420004,10620
1523621420034,10625
1523621420066,10630
1523621420098,10635
1523621420135,10635
1523621420192,10645
1523621420212,10645
1523621420242,10650
1523621420275,10655
1523621420319,10660
1523621420339,10665
1523621420384,10670
1523621420409,10670
1523621420437,10675
1523621420466,10680
1523621420503,10685
1523621420531,10685
1523621420600,10695
1523621420623,10700
1523621420642,10700
1523621420680,10705
1523621420719,10710
1523621420749,10715
1523621420771,10715
1523621420802,10720
1523621420843,10725
1523621420874,10730
1523621420914,10735
1523621420930,10735
1523621420978,10745
1523621421017,10750
1523621421044,10750
1523621421087,10755
1523621421115,10760
1523621421149,10765
1523621421193,10770
1523621421209,10770
1523621421235,10775
1523621421280,10780
1523621421305,10785
1523621421330,10785
1523621421362,10790
1523621421417,10796
1523621421447,10800
1523621421474,10805
1523621421526,10810
1523621421552,10815
1523621421580,10820
1523621421607,10820
1523621421634,10825
1523621421667,10830
1523621421701,10835
1523621421740,10840
1523621421790,10845
1523621421816,10845
1523621421847,10850
1523621421881,10855
1523621421919,10860
1523621421945,10865
1523621421975,10865
1523621422003,10870
1523621422036,10875
1523621422068,10880
1523621422100,10885
1523621422146,10890
1523621422179,10895
1523621422210,10895
1523621422247,10900
1523621422277,10905
1523621422306,10910
1523621422344,10915
1523621422371,10915
1523621422402,10920
1523621422441,10925
1523621422471,10930
1523621422500,10935
1523621422535,10935
1523621422579,10945
1523621422611,10945
1523621422642,10950
1523621422676,10955
1523621422713,10960
1523621422738,10965
1523621422775,10965
1523621422802,10970
1523621422845,10975
1523621422870,10980
1523621422899,10985
1523621422935,10985
1523621422979,10995
1523621423012,10995
1523621423043,11000
1523621423079,11005
1523621423119,11010
1523621423149,11015
1523621423172,11015
1523621423202,11020
1523621423234,11025
1523621423283,11030
1523621423301,11035
1523621423339,11040
1523621423363,11040
1523621423423,11050
1523621423449,11050
1523621423478,11055
1523621423521,11060
1523621423539,11065
1523621423574,11065
1523621423602,11070
1523621423634,11075
1523621423666,11080
1523621423699,11085
1523621423735,11085
1523621423766,11090
1523621423824,11100
1523621423845,11100
1523621423875,11105
1523621423907,11110
1523621423938,11115
1523621423974,11115
1523621424013,11120
1523621424046,11125
1523621424067,11130
1523621424098,11135
1523621424131,11135
1523621424162,11140
1523621424211,11145
1523621424250,11150
1523621424276,11155
1523621424308,11160
1523621424339,11165
1523621424371,11165
1523621424413,11170
1523621424435,11175
1523621424467,11180
1523621424500,11185
1523621424543,11190
1523621424564,11190
1523621424618,11195
1523621424643,11200
1523621424683,11205
1523621424715,11210
1523621424740,11215
1523621424772,11215
1523621424812,11220
1523621424840,11225
1523621424867,11230
1523621424898,11235
1523621424935,11235
1523621424966,11240
1523621425022,11250
1523621425043,11250
1523621425074,11255
1523621425118,11260
1523621425139,11265
1523621425172,11265
1523621425202,11270
1523621425246,11275
1523621425269,11280
1523621425299,11285
1523621425331,11285
1523621425363,11290
1523621425420,11300
1523621425442,11300
1523621425479,11305
1523621425520,11310
1523621425539,11315
1523621425576,11315
1523621425620,11325
1523621425645,11325
1523621425666,11330
1523621425699,11335
1523621425741,11340
1523621425765,11340
1523621425817,11350
1523621425847,11350
1523621425877,11355
1523621425915,11360
1523621425945,11365
1523621425971,11365
1523621426004,11370
1523621426040,11375
1523621426076,11380
1523621426109,11385
1523621426133,11385
1523621426192,11395
1523621426215,11395
1523621426243,11400
1523621426276,11405
1523621426318,11410
1523621426339,11415
1523621426381,11420
1523621426402,11420
1523621426451,11425
1523621426474,11430
1523621426498,11435
1523621426530,11435
1523621426562,11440
1523621426611,11445
1523621426649,11450
1523621426674,11455
1523621426711,11460
1523621426738,11465
1523621426771,11465
1523621426815,11470
1523621426851,11475
1523621426880,11480
1523621426902,11485
1523621426931,11485
1523621426962,11490
1523621427021,11500
1523621427043,11500
1523621427074,11505
1523621427107,11510
1523621427141,11515
1523621427181,11520
1523621427202,11520
1523621427243,11525
1523621427282,11530
1523621427301,11535
1523621427331,11535
1523621427362,11540
1523621427421,11550
1523621427447,11550
1523621427479,11555
1523621427518,11560
1523621427538,11565
1523621427571,11565
1523621427602,11570
1523621427645,11575
1523621427673,11580
1523621427700,11585
1523621427732,11585
1523621427766,11590
1523621427825,11600
1523621427853,11600
1523621427879,11605
1523621427907,11610
1523621427943,11615
1523621427981,11620
1523621428007,11620
1523621428047,11625
1523621428077,11630
1523621428100,11635
1523621428142,11640
1523621428168,11640
1523621428211,11645
1523621428253,11650
1523621428280,11655
1523621428315,11660
1523621428338,11665
1523621428374,11665
1523621428411,11670
1523621428434,11675
1523621428480,11680
1523621428499,11685
1523621428531,11685
1523621428564,11690
1523621428624,11700
1523621428647,11700
1523621428676,11705
1523621428708,11710
1523621428738,11715
1523621428780,11720
1523621428803,11720
1523621428845,11725
1523621428879,11730
1523621428899,11735
1523621428931,11735
1523621428968,11740
1523621429023,11750
1523621429043,11750
1523621429074,11755
1523621429125,11760
1523621429145,11765
1523621429171,11765
1523621429205,11770
1523621429239,11775
1523621429278,11780
1523621429302,11785
1523621429339,11790
1523621429363,11790
1523621429412,11795
1523621429443,11800
1523621429483,11805
1523621429519,11810
1523621429538,11815
1523621429574,11815
1523621429621,11825
1523621429649,11825
1523621429680,11830
1523621429699,11835
1523621429731,11835
1523621429762,11840
1523621429822,11850
1523621429844,11850
1523621429876,11855
1523621429906,11860
1523621429943,11865
1523621429983,11870
1523621430002,11870
1523621430046,11875
1523621430074,11880
1523621430099,11885
1523621430136,11885
1523621430174,11890
1523621430212,11895
1523621430244,11900
1523621430276,11905
1523621430321,11910
1523621430339,11915
1523621430375,11915
1523621430403,11920
1523621430434,11925
1523621430471,11930
1523621430508,11935
1523621430534,11935
1523621430562,11940
1523621430618,11950
1523621430644,11950
1523621430675,11955
1523621430715,11960
1523621430740,11965
1523621430774,11965
1523621430815,11970
1523621430843,11975
1523621430869,11980
1523621430900,11985
1523621430940,11990
1523621430967,11990
1523621431021,12000
1523621431047,12000
1523621431083,12005
1523621431107,12010
1523621431140,12015
1523621431183,12020
1523621431223,12025
1523621431242,12025
1523621431269,12030
1523621431299,12035
1523621431341,12040
1523621431362,12040
1523621431415,12045
1523621431446,12050
1523621431475,12055
1523621431513,12060
1523621431543,12065
1523621431578,12070
1523621431616,12075
1523621431641,12075
1523621431675,12080
1523621431702,12085
1523621431742,12090
1523621431775,12090
1523621431817,12100
1523621431844,12100
1523621431874,12105
1523621431924,12110
1523621431941,12115
1523621431971,12115
1523621432004,12120
1523621432044,12125
1523621432067,12130
1523621432100,12135
1523621432131,12135
1523621432162,12140
1523621432216,12145
1523621432247,12150
1523621432285,12155
1523621432307,12160
1523621432339,12165
1523621432376,12165
1523621432412,12170
1523621432452,12175
1523621432469,12180
1523621432499,12185
1523621432531,12185
1523621432562,12190
1523621432628,12200
1523621432652,12200
1523621432675,12205
1523621432719,12210
1523621432750,12215
1523621432772,12215
1523621432803,12220
1523621432861,12230
1523621432878,12230
1523621432914,12235
1523621432936,12240
1523621432963,12240
1523621433017,12245
1523621433043,12250
1523621433074,12255
1523621433117,12260
1523621433139,12265
1523621433171,12265
1523621433203,12270
1523621433246,12275
1523621433280,12280
1523621433306,12285
1523621433331,12285
1523621433362,12290
1523621433422,12300
1523621433443,12300
1523621433475,12305
1523621433508,12310
1523621433543,12315
1523621433579,12320
1523621433603,12320
1523621433647,12325
1523621433670,12330
1523621433701,12335
1523621433733,12335
1523621433769,12340
1523621433818,12350
1523621433842,12350
1523621433875,12355
1523621433918,12360
1523621433939,12365
1523621433971,12365
1523621434007,12370
1523621434035,12375
1523621434079,12380
1523621434110,12385
1523621434133,12385
1523621434164,12390
1523621434218,12400
1523621434244,12400
1523621434287,12405
1523621434321,12410
1523621434339,12415
1523621434372,12415
1523621434403,12420
1523621434441,12425
1523621434479,12430
1523621434500,12435
1523621434540,12440
1523621434569,12440
1523621434625,12450
1523621434649,12450
1523621434679,12455
1523621434711,12460
1523621434739,12465
1523621434780,12470
1523621434805,12470
1523621434838,12475
1523621434869,12480
1523621434911,12485
1523621434942,12490
1523621434963,12490
1523621435024,12500
1523621435057,12505
1523621435084,12505
1523621435108,12510
1523621435139,12515
1523621435171,12515
1523621435203,12520
1523621435239,12525
1523621435276,12530
1523621435310,12535
1523621435332,12535
1523621435363,12540
1523621435412,12545
1523621435454,12550
1523621435485,12555
1523621435527,12560
1523621435543,12565
1523621435572,12565
1523621435612,12570
1523621435635,12575
1523621435679,12580
1523621435713,12585
1523621435732,12585
1523621435763,12590
1523621435813,12595
1523621435851,12600
1523621435876,12605
1523621435921,12610
1523621435945,12615
1523621435986,12620
1523621436017,12625
1523621436038,12625
1523621436074,12630
1523621436100,12635
1523621436136,12635
1523621436163,12640
1523621436212,12645
1523621436243,12650
1523621436276,12655
1523621436316,12660
1523621436341,12665
1523621436372,12665
1523621436407,12670
1523621436435,12675
1523621436480,12680
